#OTU ID	Sample_1	Sample_2	Sample_3	Sample_4	Sample_5	Sample_6	Sample_7	Sample_8	Sample_9	Sample_10	Sample_11	Sample_12	Sample_13	Sample_14	Sample_15	Sample_16	Sample_17	Sample_18	Sample_19	Sample_20	Sample_21	Sample_22	Sample_23	Sample_24	Sample_25	Sample_26	Sample_27	Sample_28	Sample_29	Sample_30	Sample_31	Sample_32	Sample_33	Sample_34	Sample_35	Sample_36	Sample_37	Sample_38	Sample_39	Sample_40	Sample_41	Sample_42	Sample_43	Sample_44	Sample_45	Sample_46	Sample_47	Sample_48	Sample_49
Methanobrevibacter_smithii	0.0	0.0	0.0	0.0	0.0	0.0	0.0	0.0	0.0513	0.0	0.0	0.0	0.0	0.0	0.0	0.0	0.0	0.0	0.01553	0.0	0.0	0.0	0.0	0.0	0.0	0.0	0.01271	0.0	0.0	0.0	0.0	0.0	0.0	0.0	0.0	0.0	0.0	0.0	0.0	0.0	0.0	0.0	0.0	0.0	0.0	0.0	0.0	0.0	0.0
Actinomyces_europaeus	0.0	0.0	0.0	0.0	0.0	0.0	0.0	0.0	0.0	0.0	0.0	0.0	0.0	0.0	0.0	0.0	0.0	0.0	0.0	0.00623	0.0	0.0	0.0	0.0	0.0	0.0	0.0	0.0	0.0	0.0	0.0	0.0	0.0	0.0	0.0	0.0	0.0	0.0	0.0	0.0	0.0	0.0	0.0	0.09521	0.0	0.0	0.0	0.0	0.0
Actinomyces_graevenitzii	0.0	0.0	0.0	0.0	0.0	0.02671	0.0	0.0	0.0	0.0	0.0	0.0	0.0	0.0	0.0	0.0	0.0	0.0	0.0	0.0	0.0	0.0	0.0	0.0	0.0	0.0	0.0	0.0	0.0	0.0	0.0	0.00011	0.0	0.0	0.0	0.0	0.0	0.0	0.0	0.0	0.0	0.0	0.0	0.0	0.0	0.0	0.0	0.0	0.00248
Actinomyces_odontolyticus	0.0	0.0	0.0	0.0	0.0	0.0	0.0	0.0	0.0	0.0	0.0	0.0	0.0	0.0	0.0	0.0	0.0	0.0	0.0	0.0	0.0	0.0	0.0	0.0	0.0	0.0	0.0	0.0	0.0	0.0	0.0	0.00179	0.0	0.0	0.0	0.0	0.0	0.0	0.0	0.2343	0.0	0.0	0.0	0.0	0.0	0.0	0.0	0.01234	0.0
Actinomyces_turicensis	0.0	0.68816	0.0	0.0	0.0	0.0	0.0	0.0	0.10739	0.0	0.0	0.0	0.0	0.0	0.0	0.0	0.0	1.03459	0.5587	1.32612	0.0	0.0	0.0	0.0	0.0	0.0	0.0	0.0	0.0	0.0	0.0	0.01036	0.0	0.0	0.0	0.0	0.0	1.31452	0.0	0.0	0.0	0.0	0.0	1.66615	0.0	0.0	0.0	0.0	0.0
Mobiluncus_curtisii	0.13706	0.0	0.0	0.0	0.0	0.0	0.0	0.0	0.3736	0.0	0.0	0.0	0.0	0.0	0.0	0.0	0.0	0.55377	1.88192	1.69522	0.0	0.0	0.0	0.0	0.0	0.0	0.0	0.0	0.0	0.0	0.0	0.0	0.0	0.0	0.0	0.0	0.0	0.06069	0.0	0.0	0.0	0.0	0.0	2.2119	0.0	0.0	0.0	0.0	0.0
Mobiluncus_unclassified	0.0525	0.0	0.0	0.0	0.0	0.0	0.0	0.0	0.25185	0.0	0.0	0.0	0.0	0.0	0.0	0.0	0.0	0.0	0.0	1.90923	0.0	0.0	0.0	0.0	0.0	0.0	0.0	0.0	0.0	0.0	0.0	0.0	0.0	0.0	0.0	0.0	0.0	0.0	0.00475	0.0	0.0	0.0	0.0	0.0	0.0	0.0	0.0	0.0	0.0
Varibaculum_cambriense	0.00694	0.3764	1.18744	0.60951	0.0	0.0	0.0	0.0	0.0	0.17697	0.83394	0.0	0.0	0.0	0.0	0.0	0.0	0.0084	0.40164	0.32052	0.0	0.0	0.0	0.0	0.0	0.0	0.0	0.0	0.0	0.0	0.0	0.0	0.0	0.0	0.0	0.0	0.0	0.31237	0.0	0.0	3.0478	0.24343	0.0	0.44306	0.0	0.0	0.0	0.0	0.0
Corynebacterium_accolens	0.0	0.0	0.0	0.30842	0.0	0.0	0.0	0.0	0.0	0.0	0.0	0.0	0.0	0.0	0.0	0.0	0.0	0.0	0.0	0.0	0.0	0.0	0.0	0.0	0.0	0.0	0.0	0.0	0.0	0.0	0.0	0.0	0.0	0.0	0.0	0.0	0.0	0.0	0.0	0.0	0.0	0.0	0.0	0.0	0.0	0.0	0.0	0.0	0.0
Corynebacterium_amycolatum	0.0	0.0	0.33857	0.82781	0.0	0.0	0.0	0.0	0.0	0.00265	0.0	0.0	0.0	0.0	0.0	0.0	0.0	0.0	0.0	0.0	0.0	0.0	0.0	0.0	0.0	0.0	0.0	0.0	0.0	0.0	0.0	0.0	0.0	0.0	0.0	0.0	0.0	0.01052	0.0	0.0	0.00073	0.01381	0.0	0.0	0.0	0.0	0.0	0.0	0.0
Corynebacterium_aurimucosum	0.0	0.0	0.0	0.0	0.0	0.0	0.0	0.0	0.0	0.0	0.0	0.0	0.0	0.0	0.0	0.0	0.0	0.0	0.0	0.0	0.0	0.0	0.0	0.0	0.0	0.0	0.0	0.0	0.0	0.0	0.0	0.0	0.0	0.0	0.0	0.0	0.0	0.0	0.12144	0.0	0.0	0.0	0.0	0.0	0.0	0.0	0.0	0.0	0.0
Corynebacterium_glucuronolyticum	0.0	0.0	0.0	0.0	0.0	0.0	0.0	0.0	0.0	0.0	0.0	0.0	0.0	3.96289	0.5154	6.18115	0.0	0.03594	0.74657	0.0	0.0	0.0	0.0	0.0	0.0	0.0	0.0	0.0	0.0	0.0	0.0	0.0	0.0	0.0	0.0	0.0	0.0	0.0	10.65807	0.0	0.0	0.0	0.0	0.0	0.0	0.0	0.0	0.02974	0.0
Corynebacterium_jeikeium	0.0	0.0	0.0	0.40067	0.0	0.0	0.0	0.0	0.0	0.0	0.0	0.0	0.0	0.0	0.0	0.0	0.0	0.0	0.0	0.0	0.0	0.0	0.0	0.0	0.0	0.0	0.0	0.0	0.0	0.0	0.0	0.0	0.0	0.0	0.0	0.0	0.0	0.0	0.0	0.0	0.0	0.0	0.0	0.0	0.0	0.0	0.0	0.0	0.0
Corynebacterium_kroppenstedtii	0.0	0.0	0.0	0.0	0.0	0.0	0.0	0.0	0.0	0.0	0.0	0.0	0.0	0.0	0.0	0.0	0.0	0.0	0.0	0.0	0.0	0.0	0.0	0.0	0.0	0.0	0.0	0.0	0.0	0.0	0.0	0.0	0.0	0.0	0.0	0.0	0.0	0.06488	0.0	0.0	0.0	0.0	0.0	0.0	0.0	0.0	0.0	0.0	0.0
Corynebacterium_lipophiloflavum	0.0	0.0	0.0	0.0	0.0	0.0	0.0	0.0	0.0	0.0	0.0	0.0	0.0	0.0	0.0	0.0	0.0	0.0	0.0	0.0	0.0	0.0	0.0	0.0	0.0	0.0	0.0	0.0	0.0	0.0	0.0	0.0	0.0	0.0	0.0	0.0	0.0	0.0	0.0	0.0	0.04148	0.0	0.0	0.0	0.0	0.0	0.0	0.0	0.0
Corynebacterium_matruchotii	0.0	0.0	0.0	0.0	0.0	0.0	0.0	0.0	0.0	0.0	0.0	0.0	0.0	0.0	0.0	0.0	0.0	0.0	0.0	0.0	0.0	0.0	0.0	0.0	0.0	0.0	0.0	0.0	0.0	0.0	0.0	0.0	0.0	0.0	0.0	0.0	0.0	0.0	0.0	0.085	0.0	0.0	0.0	0.0	0.0	0.0	0.0	0.0	0.0
Corynebacterium_pseudogenitalium	0.0	0.0	0.0	0.23524	0.0	0.0	0.0	0.0	0.0	0.0	0.0	0.0	0.0	0.0	0.0	0.0	0.0	0.0	0.0	0.0	0.0	0.0	0.0	0.0	0.0	0.0	0.0	0.0	0.0	0.0	0.0	0.0	0.0	0.0	0.0	0.0	0.0	0.02816	1.38192	0.0	0.09449	0.34599	0.0	0.04123	0.0	0.0	0.0	0.0	0.0
Corynebacterium_pyruviciproducens	0.0	0.0	0.0	0.0	0.0	0.0	0.0	0.0	0.0	0.0	0.0	0.0	0.0	0.11374	0.0	0.0	0.0	0.0	0.0	0.0	0.0	0.0	0.0	0.0	0.0	0.0	0.0	0.0	0.0	0.0	0.0	0.0	0.0	0.0	0.0	0.0	0.0	0.0	0.0	0.0	0.0	0.0	0.0	0.0	0.0	0.0	0.0	0.0	0.0
Corynebacterium_resistens	0.0	0.0	0.0	0.0	0.0	0.0	0.0	0.0	0.0	0.0	0.0	0.0	0.0	2.47112	0.0	0.0	0.0	0.0	0.0	0.0	0.0	0.0	0.0	0.0	0.0	0.0	0.0	0.0	0.0	0.0	0.0	0.0	0.0	0.0	0.0	0.0	0.0	0.0	0.0	0.0	0.0	0.0	0.0	0.0	0.0	0.0	0.0	0.0	0.0
Corynebacterium_tuberculostearicum	0.01183	0.03881	0.0	0.72955	0.0	0.0	0.0	0.0	0.0	0.0	0.0	0.0	0.0	0.0	0.0	0.15187	0.0	0.0	0.01164	0.0	0.0	0.0	0.0	0.0	0.0	0.0	0.0	0.0	0.0	0.0	0.0	0.0	0.0	0.0	0.0	0.0	0.0	0.08873	0.38041	0.0	0.07062	0.25011	0.0	0.0521	0.0	0.0	0.0	0.0	0.0
Brachybacterium_unclassified	0.0	0.0	0.0	0.0	0.0	0.0	0.0	0.0	0.0	0.0	0.0	0.0	0.0	0.0	0.0	0.0	0.0	0.0	0.0	0.0	0.0	0.0	0.0	0.0	0.0	0.0	0.0	0.0	0.0	0.0	0.0	0.0	0.0	0.0	0.0	0.0	0.0	0.0	0.0	0.0	0.02985	0.0	0.0	0.0	0.0	0.00818	0.0	0.0	0.0
Kytococcus_sedentarius	0.0	0.0	0.0	0.0	0.0	0.0	0.0	0.0	0.0	0.0	0.0	0.0	0.0	0.0	0.0	0.0	0.0	0.0	0.0	0.0	0.0	0.0	0.0	0.0	0.0	0.0	0.0	0.0	0.0	0.0	0.0	0.0	0.0	0.0	0.0	0.0	0.0	0.0	0.0	0.0	0.01585	0.0	0.0	0.0	0.0	0.0	0.0	0.0	0.0
Kocuria_rhizophila	0.0	0.0	0.0	0.0	0.0	0.0	0.0	0.0	0.0	0.0	0.0	0.0	0.0	0.0	0.0	0.0	0.0	0.0	0.0	0.0	0.0	0.0	0.0	0.0	0.0	0.0	0.0	0.0	0.0	0.0	0.0	0.0	0.0	0.0	0.0	0.0	0.0	0.0	0.0	0.0	0.21112	0.00356	0.0	0.0	0.0	0.0	0.0	0.0	0.0
Kocuria_unclassified	0.0	0.0	0.0	0.0	0.0	0.0	0.0	0.0	0.0	0.0	0.0	0.0	0.0	0.0	0.0	0.0	0.0	0.0	0.0	0.0	0.0	0.0	0.0	0.0	0.0	0.0	0.0	0.0	0.0	0.0	0.0	0.0	0.0	0.0	0.0	0.0	0.0	0.0	0.0	0.0	0.12501	0.0	0.0	0.0	0.0	0.0	0.0	0.0	0.0
Micrococcus_luteus	0.0	0.0	0.0	0.0	0.0	0.0	0.0	0.0	0.0	0.0	0.0	0.0	0.0	0.0	0.0	0.0	0.0	0.0	0.0	0.0	0.0	0.0	0.0	0.0	0.0	0.0	0.0	0.0	0.0	0.0	0.0	0.0	0.0	0.0	0.0	0.0	0.0	0.0	0.0	0.0	0.09921	0.0	0.0	0.0	0.0	0.0	0.0	0.0	0.0
Rothia_aeria	0.0	0.0	0.0	0.0	0.0	0.0	0.0	0.0	0.0	0.0	0.0	0.0	0.0	0.0	0.0	0.0	0.0	0.0	0.0	0.0	0.0	0.0	0.0	0.0	0.0	0.0	0.0	0.0	0.0	0.0	0.0	0.0	0.0	0.0	0.0	0.0	0.0	0.0	0.0	0.11023	0.0	0.0	0.0	0.0	0.0	0.0	0.0	0.0	0.0
Rothia_mucilaginosa	0.00347	0.0	0.0	0.0	0.0	0.0	0.0	0.0	0.0	0.0	0.0	0.00269	0.0	0.0	0.0	0.11983	0.04681	0.0	0.0	0.0	0.0	0.02253	0.0	0.0	0.0	0.0	0.0	0.0	0.0	0.0	0.0	0.01924	0.0	0.08474	0.0	0.0	0.0	0.0	0.0	2.49487	0.0	0.0	0.0	0.0	0.0	0.0	0.0	0.03013	0.37921
Rothia_unclassified	0.0	0.0	0.0	0.0	0.0	0.0	0.0	0.0	0.0	0.0	0.0	0.00515	0.0	0.0	0.0	0.0	0.0	0.0	0.0	0.0	0.0	0.0	0.0	0.0	0.0	0.0	0.0	0.0	0.0	0.0	0.0	0.0	0.0	0.00673	0.0	0.0	0.0	0.0	0.0	0.0	0.0	0.0	0.0	0.0	0.0	0.0	0.0	0.0	0.0
Propionibacterium_acnes	0.0	0.0	0.0	0.0	0.0	0.0	0.0	0.0	0.0	0.0	0.0	0.0	0.0	0.0	0.0	0.0	0.0	0.0	0.0	0.0	0.0	0.0	0.0	0.0	0.0	0.0	0.0	0.0	0.0	0.0	0.0	0.0	0.0	0.0	0.0	0.0	0.0	0.09597	0.0	0.0	0.0	0.0	0.0	0.0	0.0	0.0	0.0	0.0	0.0
Propionibacterium_avidum	0.0	0.0	0.0	0.0	0.0	0.0	0.0	0.0	0.0	0.0	0.0	0.0	0.0	0.0	0.0	0.0	0.0	0.0	0.0	0.0	0.0	0.0	0.0	0.0	0.0	0.0	0.0	0.0	0.0	0.0	0.0	0.0	0.0	0.0	0.0	0.0	0.0	0.0	0.0	0.0	0.02469	0.06871	0.0	0.0	0.0	0.0	0.0	0.0	0.0
Propionibacterium_granulosum	0.0	0.08696	0.0	0.0	0.0	0.0	0.0	0.0	0.0	0.0	0.0	0.0	0.0	0.0	0.0	0.0	0.0	0.0	0.0	0.0	0.0	0.0	0.0	0.0	0.0	0.0	0.0	0.0	0.0	0.0	0.0	0.0	0.0	0.0	0.0	0.0	0.0	0.05319	0.0	0.0	0.0	0.0	0.0	0.0	0.0	0.0	0.54648	0.0	0.0
Bifidobacterium_adolescentis	0.0	0.61246	0.0	0.0	0.0	1.31578	0.0	0.0	1.75759	0.66677	0.0	0.0	0.0	1.74355	0.0	0.0	0.0	0.0	0.28495	7.11982	0.0	3.79136	0.0	0.0	4.91563	0.78774	0.13495	0.0	0.0	0.0	0.0	0.0	0.0	0.0	0.0	0.0	0.0	0.54149	0.0	0.0	0.9073	1.30626	0.0	9.64244	0.01046	0.0	1.1055	0.0	0.0
Bifidobacterium_angulatum	0.0	0.0	0.0	0.0	0.0	1.08114	0.0	0.0	0.0	0.0	0.0	0.0	0.0	0.0	0.0	0.0	0.0	0.0	0.0	0.0	0.0	0.0	0.0	0.0	1.02129	1.2041	0.0	0.0	0.0	0.0	0.0	0.0	0.0	0.0	0.0	0.0	0.0	0.0	0.0	0.0	0.0	0.0	0.0	0.0	0.0	0.0	0.0	0.0	0.0
Bifidobacterium_bifidum	0.0	0.0	4.27593	3.16632	0.0	0.0	0.0	0.0	0.0	0.78056	0.0	0.0	0.0	0.04784	0.0	0.0	0.0	0.0	0.0	3.47911	0.0	1.63698	0.0	0.0	0.0	0.0	0.0	0.0	0.0	0.0	0.0	0.0	0.0	0.0	0.0	0.0	0.0	0.0	0.25897	0.0	1.69102	0.0	0.0	5.68839	0.0	0.0	0.0	0.0	0.0
Bifidobacterium_breve	0.0	0.0	0.0	1.77778	0.0	0.0	0.0	0.0	0.0	0.0	0.0	0.0	0.0	0.0	0.0	0.0	0.0	0.0	0.0	0.37193	0.0	0.0	0.0	0.0	0.0	0.0	0.0	0.0	0.0	0.0	0.0	0.0	0.0	0.0	0.0	0.0	0.0	0.0	0.0	0.0	4.06593	0.0	0.0	0.71709	0.01378	0.0	0.0	0.0	0.0
Bifidobacterium_catenulatum	0.0	0.0	0.0	0.0	0.0	0.08929	0.0	0.0	0.0	0.0	0.0	0.0	0.0	0.0	0.0	0.0	0.0	0.0	0.0	0.0	0.0	0.0458	0.0	0.0	0.16823	0.0	0.0	0.0	0.0	0.0	0.0	0.0	0.0	0.0	0.0	0.0	0.0	0.03167	0.0	0.0	0.0	0.0	0.0	0.14694	0.51186	0.0	0.0	0.0	0.0
Bifidobacterium_longum	0.01103	0.0	0.98934	7.39944	0.0	0.29115	0.0	0.0	1.08609	0.3775	0.0	0.0	0.0	0.0	0.0	0.0	0.0	0.0	0.0	0.00735	0.0	0.50155	0.0	0.0	0.32102	0.0	0.0	0.0	0.0	0.0	0.0	0.0	0.0	0.0	0.0	0.0	0.0	0.0	0.33127	0.0	0.86954	2.05511	0.0	0.12847	0.70994	0.0	0.0	0.0	0.0
Bifidobacterium_pseudocatenulatum	0.0	0.0	0.0	0.0	0.0	0.04369	0.0	0.0	0.0	0.0	0.0	0.0	0.0	0.0	0.0	0.0	0.03862	0.0	0.0	0.0	0.0	0.03335	0.0	0.0	0.0	0.0	0.0	0.0	0.0	0.0	0.0	0.0	0.0	0.0	0.0	0.0	0.0	0.01587	0.10159	0.0	0.0075	0.0	0.0	0.09121	0.70871	0.0	0.0	0.0	0.0
Gardnerella_vaginalis	0.0	0.0	0.0	0.0	0.0	0.0	0.0	0.0	0.0	0.0	0.0	0.0	0.0	0.0	0.0	0.0	0.0	0.0	0.0	0.0	0.0	0.04508	0.0	0.0	0.0	0.0	0.0	0.0	0.0	0.0	0.0	0.0	0.0	0.0	0.0	0.0	0.0	0.0	0.0	0.0	0.0	0.0	0.0	0.0	0.0	0.0	0.0	0.0	0.0
Atopobium_vaginae	0.0	0.0	0.0	0.0	0.0	0.0	0.0	0.0	0.0	0.0	0.0	0.0	0.0	0.0	0.0	0.0	0.0	0.0	0.0	0.0	0.0	0.02121	0.0	0.0	0.0	0.0	0.0	0.0	0.0	0.0	0.0	0.0	0.0	0.0	0.0	0.0	0.0	0.0	0.0	0.0	0.0	0.0	0.0	0.0	0.0	0.0	0.0	0.0	0.0
Collinsella_aerofaciens	0.43359	0.40792	0.50569	0.0	0.0	0.48915	0.0	0.0	0.36503	0.06073	0.0	0.0	0.0	0.31159	0.03092	0.87483	0.34629	0.01486	0.52206	0.40668	0.0	1.22836	0.0	0.0	1.08625	0.27719	0.49544	0.0	0.0	0.0	0.0	0.0	0.0	0.0	0.0	0.38234	0.01381	0.28561	0.34029	0.0	0.22136	0.0	0.0	0.5077	0.33527	0.0	2.58075	0.15657	0.0
Collinsella_tanakaei	0.0	0.0	0.0	0.0	0.0	0.0	0.0	0.0	0.0	0.0	0.0	0.0	0.0	0.0	0.0	0.0	0.0	0.0	0.0	0.0	0.0	0.0	0.0	0.0	0.0	0.0	0.0	0.0	0.0	0.0	0.0	0.0	0.0	0.0	0.0	0.0	0.0	0.0	0.0	0.0	0.02317	0.0	0.0	0.0	0.0	0.0	0.0	0.0	0.0
Collinsella_unclassified	0.0	0.0	0.0	0.0	0.0	0.0	0.0	0.0	0.0	0.0	0.0	0.0	0.0	0.0	0.0	0.0	0.0	0.00061	0.0	0.0	0.0	0.0	0.0	0.0	0.0	0.0	0.0	0.0	0.0	0.0	0.0	0.0	0.0	0.0	0.0	0.0	0.0	0.0	0.0	0.0	0.0	0.0	0.0	0.0	0.0	0.0	0.0	0.0	0.0
Eggerthella_lenta	0.0	0.0	0.0	0.0	0.0	0.0	0.0	0.0	0.0	0.0	0.0	0.0	0.0	0.0	0.0	0.0	0.0	0.0	0.0	0.0	0.0	0.0	0.0	0.0	0.0	0.0	0.0	0.0	0.0	0.0	0.0	0.0	0.0	0.0	0.0	0.0	0.0	0.0	0.0	0.0	0.0	0.0	0.0	0.0	0.1224	0.0	0.0	0.0	0.0
Eggerthella_unclassified	0.0	0.0	0.0	0.0	0.0	0.0	0.0	0.0	0.0	0.08615	0.0	0.0	0.0	0.0	0.0	0.0	0.0	0.0	0.0	0.0	0.0	0.0	0.0	0.0	0.0	0.0	0.0	0.0	0.0	0.0	0.0	0.0	0.0	0.0	0.0	0.0	0.0	0.0	0.0	0.0	0.0	0.0	0.0	0.0	0.22872	0.0	0.0	0.0	0.0
Olsenella_unclassified	0.0	0.0	0.0	0.0	0.0	0.0	0.0	0.0	0.04058	0.0	0.0	0.0	0.0	0.0	0.0	0.0	0.0	0.0	0.0	0.0	0.0	0.0	0.0	0.0	0.0	0.0	0.0	0.0	0.0	0.0	0.0	0.0	0.0	0.0	0.0	0.0	0.0	0.00346	0.0	0.0	0.0	0.0	0.0	0.02044	0.0	0.0	0.0	0.0	0.0
Bacteroides_caccae	0.0	0.0	0.0	0.0	0.0	0.0	0.0	0.0	0.0	0.0	0.0	0.0	0.0	0.0	0.0	0.0	0.0	0.0	0.0	0.0	0.0	0.0	0.0	0.0	0.0	0.0	0.0	0.0	0.0	0.0	0.0	0.0	0.0	0.0	0.0	0.0	0.0	0.0	0.0	0.0	0.0	0.0	0.0	0.0	2.99745	0.0	0.0	0.0	0.0
Bacteroides_dorei	0.0	0.0	0.0	0.0	0.0	0.0	0.0	0.0	0.0	0.0	0.0	0.0	0.0	0.0	0.0	0.0	0.0	0.0	0.0	0.0	0.0	0.0	0.0	0.0	0.0	0.0	0.0	0.0	0.0	0.0	0.0	0.0	0.0	0.0	0.0	0.0	0.0	0.0	0.0	0.0	0.0	0.0	0.0	0.0	1.07376	0.0	0.0	0.0	0.0
Bacteroides_faecis	0.0	0.0	0.0	0.0	0.0	0.0	0.0	0.0	0.0	0.0	0.0	0.0	0.0	0.0	0.0	0.0	0.0	0.0	0.0	0.0	0.0	0.0	0.0	0.0	0.0	0.0	0.0	0.0	0.0	0.0	0.0	0.0	0.0	0.0	0.0	0.0	0.0	0.0	0.0	0.0	0.0	0.0	0.0	0.0	0.28209	0.0	0.0	0.0	0.0
Bacteroides_finegoldii	0.0	0.0	0.06922	35.04847	0.0	0.0	0.0	0.0	0.0	0.0	0.0	0.0	0.0	0.0	0.0	0.0	0.0	0.0	0.0	0.0	0.0	0.0	0.0	0.0	0.0	0.0	0.0	0.0	0.0	0.0	0.0	0.0	0.0	0.0	0.0	0.0	0.0	0.0	0.0	0.0	0.0	0.0	0.0	0.0	0.0	0.0	0.0	0.0	0.0
Bacteroides_fragilis	0.0	0.63156	1.26044	6.7844	0.0	0.0	0.0	0.0	0.0	18.25816	1.10335	0.0	0.0	0.0	0.0	0.0	0.0	0.0	0.0	0.0	0.0	0.0	0.0	0.0	0.0	0.0	0.0	0.0	0.05362	0.0	0.0	0.0	0.00257	0.0	0.0	0.0	0.0	0.62717	13.0544	0.0	3.2922	33.11118	0.0	0.00489	0.0	0.07052	0.07508	40.98283	0.00596
Bacteroides_nordii	0.0	0.0	0.0	0.0	0.0	0.0	0.0	0.0	0.0	0.0	0.0	0.0	0.0	0.0	0.0	0.0	0.0	0.0	0.0	0.0	0.0	0.0	0.0	0.0	0.0	0.0	0.0	0.0	0.0	0.0	0.0	0.0	0.0	0.0	0.0	0.0	0.0	0.0	0.0	0.0	0.0	0.0	0.0	0.0	0.26947	0.0	0.0	0.0	0.0
Bacteroides_ovatus	0.0	0.0	0.0	0.0	0.0	0.0	0.0	0.0	0.0	0.25472	0.08027	0.0	0.0	0.0	0.0	0.0	0.0	0.0	0.0	0.0	0.0	0.0	0.0	0.0	0.0	0.0	0.0	0.0	0.0	0.0	0.0	0.0	0.0	0.0	0.0	0.0	0.0	0.0	3.4899	0.0	0.07248	0.03145	0.0	0.0	2.60341	0.0	0.0	0.0	0.0
Bacteroides_salyersiae	0.0	0.0	0.0	0.0	0.0	0.0	0.0	0.0	0.0	0.0	0.0	0.0	0.0	0.0	0.0	0.0	0.0	0.0	0.0	0.0	0.0	0.0	0.0	0.0	0.0	0.0	0.0	0.0	0.0	0.0	0.0	0.0	0.0	0.0	0.0	0.0	0.0	0.0	0.0	0.0	0.0	0.0	0.0	0.0	0.0593	0.0	0.0	0.0	0.0
Bacteroides_sp_2_1_56FAA	0.0	0.0	0.0	0.0	0.0	0.0	0.0	0.0	0.0	0.0	0.0	0.0	0.0	0.0	0.0	0.0	0.0	0.0	0.0	0.0	0.0	0.0	0.0	0.0	0.0	0.0	0.0	0.0	0.0	0.0	0.0	0.0	0.0	0.0	0.0	0.0	0.0	0.0	0.0	0.0	0.0	0.0	0.0	0.0	0.0	0.0	0.0	21.17285	0.0
Bacteroides_sp_2_2_4	0.0	0.0	0.0	0.0	0.0	0.0	0.0	0.0	0.0	0.0	0.0	0.0	0.0	0.0	0.0	0.0	0.0	0.0	0.0	0.0	0.0	0.0	0.0	0.0	0.0	0.0	0.0	0.0	0.0	0.0	0.0	0.0	0.0	0.0	0.0	0.0	0.0	0.0	0.0	0.0	0.0	0.0	0.0	0.0	1.81235	0.0	0.0	0.0	0.0
Bacteroides_stercoris	0.0	0.0	0.0	0.0	0.0	0.0	0.0	0.0	0.0	0.93329	0.11465	0.0	0.0	0.0	0.0	0.0	0.0	0.0	0.0	0.0	0.0	0.0	0.0	0.0	0.0	0.0	0.0	0.0	0.0	0.0	0.0	0.0	0.0	0.0	0.0	0.0	0.0	0.0	0.0	0.0	0.83683	0.0	0.0	0.0	2.03916	0.0	0.0	5.23931	0.0
Bacteroides_thetaiotaomicron	0.0	0.0	0.43348	0.0	0.0	0.0	0.0	0.0	0.0	0.0	0.0	0.0	0.0	0.0	0.0	0.0	0.0	0.0	0.0	0.0	0.0	0.0	0.0	0.0	0.0	0.0	0.0	0.0	0.03995	0.0	0.0	0.0	0.0	0.0	0.0	0.0	0.0	0.0	2.14241	0.0	0.0	0.0	0.0	0.0	10.40425	0.0	0.0	0.06598	0.0
Bacteroides_uniformis	0.0	0.0	0.0	0.0	0.0	0.0	0.0	0.0	0.0	0.0	0.0	0.0	0.0	0.0	0.0	0.0	0.0	0.0	0.0	0.0	0.0	0.0	0.0	0.0	0.0	0.0	0.0	0.0	0.0	0.0	0.0	0.0	0.0	0.0	0.0	0.0	0.0	0.0	8.25018	0.0	0.11957	0.0	0.0	0.0	11.87711	0.0	0.0	0.0	0.0
Bacteroides_vulgatus	0.0	0.0	0.0	0.0	0.0	0.0	0.0	0.0	1.69719	1.07309	0.09251	0.0	0.0	0.75167	0.0	0.0	0.0	0.0	0.0	0.0	0.0	0.0	0.0	0.0	0.0	0.0	0.0	0.0	0.11491	0.0	0.0	0.0	0.0	0.0	0.0	0.0	0.0	0.0	0.64787	0.0	0.78087	4.29111	0.0	0.0	10.00664	0.0	0.17447	4.06329	0.0
Bacteroides_xylanisolvens	0.0	0.0	0.0	0.0	0.0	0.0	0.0	0.0	0.0	0.0	0.0	0.0	0.0	0.0	0.0	0.0	0.0	0.0	0.0	0.0	0.0	0.0	0.0	0.0	0.0	0.0	0.0	0.0	0.0	0.0	1.63735	0.0	0.0	0.0	0.0	0.0	0.0	0.0	0.87314	0.0	0.0019	0.0	0.0	0.0	0.05303	0.0	0.0	0.0	0.0
Dysgonomonas_mossii	0.0	0.0	0.0	0.0	0.0	0.0	0.0	0.0	0.0	0.0	0.0	0.0	0.0	0.0	0.0	0.0	0.0	0.0	0.0	0.0	0.0	0.0	0.0	0.0	0.0	0.0	0.0	0.0	0.0	0.0	0.02573	0.0	0.0	0.0	0.0	0.0	0.0	0.0	0.0	0.0	0.0	0.0	0.0	0.0	0.0	0.0	0.0	0.0	0.0
Dysgonomonas_unclassified	0.0	0.0	0.0	0.0	0.0	0.0	0.0	0.0	0.0	0.0	0.0	0.0	0.0	0.0	0.0	0.0	0.0	0.0	0.0	0.0	0.0	0.0	0.0	0.0	0.0	0.0	0.0	0.0	0.0	0.0	0.09854	0.0	0.0	0.0	0.0	0.0	0.0	0.0	0.0	0.0	0.0	0.0	0.0	0.0	0.0	0.0	0.0	0.0	0.0
Parabacteroides_distasonis	0.0	0.0	0.04936	0.0	0.0	0.0	0.0	0.0	0.0	0.0	0.0	0.0	0.0	0.0	0.0	0.0	0.0	0.0	0.0	0.0	0.0	0.0	0.0	0.0	0.0	0.0	0.0	0.0	0.0	0.01474	0.0	0.0	0.0	0.0	0.0	0.0	0.0	0.0	1.55813	0.0	0.00342	0.0	0.0	0.0	0.03415	0.01395	0.0	0.0	0.0
Parabacteroides_goldsteinii	0.0	0.0	0.0	0.0	0.0	0.0	0.0	0.0	0.0	0.0	0.0	0.0	0.0	0.0	0.0	0.0	0.0	0.0	0.0	0.0	0.0	0.0	0.0	0.0	0.0	0.0	0.0	0.0	0.0	0.0	0.0	0.0	0.0	0.0	0.0	0.0	0.0	0.0	0.0	0.0	0.0	0.0	0.0	0.0	0.11985	0.0	0.0	0.0	0.0
Parabacteroides_merdae	0.0	0.03751	0.0	0.0	0.0	0.0	0.0	0.0	0.0	0.0	0.0	0.0	0.0	0.0	0.0	0.0	0.0	0.0	0.0	0.0	0.0	0.0	0.0	0.0	0.0	0.0	0.0	0.0	0.0	0.0	0.0	0.0	0.0	0.0	0.0	0.0	0.0	0.08359	0.0	0.0	0.0	0.0	0.0	0.0	0.0	0.0	0.0	0.0	0.0
Parabacteroides_unclassified	0.0	0.0	0.0321	0.0	0.0	0.0	0.0	0.0	0.0	0.0	0.0	0.0	0.0	0.0	0.0	0.0	0.0	0.0	0.0	0.0	0.0	0.0	0.0	0.0	0.0	0.02778	0.0	0.0	0.0	0.04774	0.01776	0.0	0.0	0.0	0.0	0.1187	0.0	0.0	1.15329	0.0	0.03566	0.0	0.0	0.0	0.97108	0.13038	0.0	0.0	0.0
Porphyromonas_asaccharolytica	0.5061	2.59699	0.0	0.0	0.0	0.0	0.0	0.0	1.8716	4.19204	1.46264	0.0	0.0	0.0	0.0	0.0	0.0	2.81476	0.87396	0.02119	0.0	0.0	0.0	0.0	0.0	0.0	0.0	0.0	0.0	0.0	0.0	0.0	0.0	0.0	0.0	0.0	0.0	3.00389	0.0	0.0	1.25127	0.0	0.0	0.11285	0.0	0.0	0.0	0.0	0.0
Porphyromonas_bennonis	11.03135	8.70432	2.30702	0.0	0.0	0.0	0.0	0.0	3.67744	30.82439	76.49698	0.0	0.0	0.47126	0.0	0.0	0.0	23.40858	6.93589	11.39348	0.0	0.0	0.0	0.0	0.03712	0.0	0.0	0.0	0.0	0.0	0.0	0.0	0.0	0.0	0.0	0.0	0.0	12.18311	0.0	0.0	0.29121	0.0	0.0	13.58462	0.00492	0.0	0.0	0.0	0.0
Porphyromonas_gingivalis	0.0	0.0	0.0	0.0	0.0	0.0	0.0	0.0	0.0	0.0	0.0	0.0	0.0	0.0	0.0	0.0	0.0	0.0	0.0	0.0	0.0	0.0	0.0	0.0	0.0	0.0	0.0	0.0	0.0	0.0	0.0	0.0	0.0	0.0	0.0	0.0	0.0	0.0	0.0	0.0	0.0	0.0	0.0	0.0	0.0	0.00383	0.0	0.0	0.0
Porphyromonas_somerae	11.7497	0.0	0.0	0.0	0.0	0.0	0.0	0.0	0.0	0.0	0.0	0.0	0.0	0.0	0.0	0.0	0.0	0.0	0.0	0.0	0.0	0.0	0.0	0.0	0.00257	0.0	0.0	0.0	0.0	0.0	0.0	0.0	0.0	0.0	0.0	0.0	0.0	0.0	0.0	0.0	0.0	0.0	0.0	0.0	0.0	0.0	0.0	0.0	0.0
Porphyromonas_uenonis	0.36172	1.96747	0.0	0.0	0.0	0.0	0.0	0.0	2.01457	5.27582	3.22713	0.0	0.0	0.0	0.0	0.0	0.0	2.91693	0.73282	0.0	0.0	0.0	0.0	0.0	0.0	0.0	0.0	0.0	0.0	0.0	0.0	0.0	0.0	0.0	0.0	0.0	0.0	2.50338	0.0	0.0	0.36417	0.0	0.0	0.0	0.0	0.0	0.0	0.0	0.0
Alloprevotella_tannerae	0.0	0.0	0.0	0.0	0.0	0.0	0.0	0.0	0.0	0.0	0.0	0.0	0.0	0.0	0.0	0.0	0.0	0.0	0.0	0.0	0.0	0.0	0.0	0.0	0.0	0.0	0.0	0.0	0.0	0.0	0.0	0.0	0.0	0.0	0.0	0.0	0.0	0.0	0.0	0.0	0.0	0.0	0.0	0.0	0.0	0.0	0.12716	0.0	0.0
Alloprevotella_unclassified	0.0	0.0	0.0	0.0	0.0	0.0	0.0	0.0	0.0	0.0	0.0	0.0	0.0	0.0	0.0	0.0	0.0	0.0	0.0	0.0	0.0	0.0	0.0	0.0	0.0	0.0	0.0	0.0	0.0	0.0	0.0	0.0	0.0	0.0	0.0	0.0	0.0	0.0	0.0	0.0	0.0	0.0	0.0	0.0	0.0	0.0	0.2526	0.0	0.00581
Prevotella_amnii	0.0	0.0	0.0	0.0	0.0	0.0	0.0	0.0	0.0	0.0	0.0	0.0	0.0	0.0	0.0	0.0	0.0	0.0	0.0	0.0	0.0	0.00277	0.0	0.0	0.0	0.0	0.0	0.0	0.0	0.0	0.0	0.0	0.0	0.0	0.0	0.0	0.0	0.0	0.0	0.0	0.0	0.0	0.0	0.0	0.0	0.0	0.0	0.0	0.0
Prevotella_bergensis	0.0	0.0	0.0	0.0	0.0	0.0	0.0	0.0	0.0	0.0	1.92087	0.0	0.0	0.0	0.0	0.0	0.0	0.07137	0.0	0.0	0.0	0.0	0.0	0.0	0.0	0.0	0.0	0.0	0.0	0.0	0.0	0.0	0.0	0.0	0.0	0.0	0.0	0.00911	0.0	0.0	0.0	0.0	0.0	0.20284	0.0	0.0	0.0	0.0	0.0
Prevotella_bivia	0.0	0.0	0.0	0.0	0.0	0.0	0.0	0.0	0.0	4.40012	0.0	0.0	0.0	0.0	0.0	0.0	0.0	3.52138	0.0	0.0	0.0	0.29223	0.0	0.0	0.0	0.0	0.0	0.0	0.0	0.0	0.0	0.0	0.0	0.0	0.0	0.0	0.0	0.0	0.0	0.0	0.0	0.0	0.0	0.0	0.0	0.0	0.0	0.0	0.0
Prevotella_buccae	0.0	0.0	0.0	0.0	0.0	0.0	0.0	0.0	0.0	0.0	0.0	0.0	0.0	0.0	0.0	0.0	0.0	0.0	0.0	0.0	0.0	0.0	0.0	0.0	0.0	0.0	0.0	0.0	0.0	0.0	0.0	0.0	0.0	0.0	0.0	0.0	0.0	0.0	0.0	0.0	0.0	0.0	0.0	0.0	0.0	0.0	0.0	0.28387	0.0
Prevotella_buccalis	0.69268	0.66993	0.85304	0.0	0.0	0.0	0.0	0.0	0.1327	0.83401	0.0	0.0	0.0	7.29509	0.02343	0.0	0.0	7.95012	10.39533	5.99291	0.0	0.0	0.0	0.0	0.0	0.0	0.0	0.0	0.0	0.0	0.0	0.0	0.0	0.0	0.0	0.0	0.0	0.8925	0.0	0.0	21.68854	0.03058	0.0	4.79726	0.0	0.0	0.89711	0.0	0.0
Prevotella_copri	11.87511	26.47731	43.69624	0.0	0.0	64.51074	0.0	0.0	38.47518	0.81437	0.0	0.00017	0.03159	49.85595	37.61566	46.18637	13.50278	4.00685	10.32731	6.91079	0.0	37.08492	0.0	27.85093	42.33595	68.98327	56.24113	0.0	0.0	0.0163	3.02325	0.0	0.0	0.0	0.0	9.35211	5.02726	23.21077	0.00178	0.0	0.0	0.0	0.0	6.51673	0.60597	0.05318	36.20874	0.0	0.0
Prevotella_disiens	0.0	0.0	0.0	0.0	0.0	0.0	0.0	0.0	2.82179	0.0	0.0	0.0	0.0	0.0	0.0	0.0	0.0	12.8252	0.0	0.0	0.0	0.0	0.0	0.0	0.0	0.0	0.0	0.0	0.0	0.0	0.0	0.0	0.0	0.0	0.0	0.0	0.0	0.0	0.0	0.0	0.0	0.0	0.0	0.0	0.0	0.0	0.0	0.0	0.0
Prevotella_histicola	0.0	0.0	0.0	0.0	0.0	0.0	0.0	0.0	0.0	0.0	0.0	0.00056	0.0	0.0	0.0	0.0	0.0	0.0	0.0	0.0	0.0	0.0	0.0	0.0	0.0	0.0	0.0	0.0	0.0	0.0	0.0	0.0	0.0	0.0	0.0	0.0	0.0	0.0	0.0	0.0	0.0	0.0	0.0	0.0	0.0	0.0	0.0	0.0	0.03432
Prevotella_melaninogenica	0.0	0.0	0.0	0.0	0.0	0.0	0.0	0.0	0.0	0.0	0.0	0.0	0.0	0.0	0.0	0.0	0.0	0.0	0.0	0.0	0.0	0.0	0.0	0.0	0.0	0.0	0.0	0.0	0.0	0.0	0.0	0.0	0.0	0.0	0.0	0.0	0.0	0.0	0.0	0.0	0.0	0.0	0.0	0.0	0.0	0.0	0.0	0.0	0.2906
Prevotella_multisaccharivorax	0.0	0.0	0.0	0.0	0.0	0.0	0.0	0.0	0.0	0.0	0.0	0.0	0.0	0.0	0.0	0.0	0.0	0.0	0.0	0.0	0.0	0.0	0.0	0.0	0.0	0.00851	0.0	0.0	0.0	0.0	0.0	0.0	0.0	0.0	0.0	0.0	0.0	0.0	0.0	0.0	0.0	0.0	0.0	0.0	0.0	0.0	0.0	0.0	0.0
Prevotella_pallens	0.0	0.0	0.0	0.0	0.0	0.0	0.0	0.0	0.0	0.0	0.0	0.0	0.0	0.0	0.0	0.0	0.0	0.0	0.0	0.0	0.0	0.0	0.0	0.0	0.0	0.0	0.0	0.0	0.0	0.0	0.0	0.0	0.0	0.0	0.0	0.0	0.0	0.0	0.0	0.0	0.0	0.0	0.0	0.0	0.0	0.0	0.0	0.0	0.01844
Prevotella_salivae	0.0	0.0	0.0	0.0	0.0	0.0	0.0	0.0	0.0	0.0	0.0	0.0	0.0	0.0	0.0	0.0	0.0	0.0	0.0	0.0	0.0	0.0	0.0	0.0	0.0	0.0	0.0	0.0	0.0	0.0	0.0	0.0	0.0	0.0	0.0	0.0	0.0	0.0	0.0	0.0	0.0	0.0	0.0	0.0	0.0	0.0	0.0	0.0	0.01382
Prevotella_stercorea	12.77217	0.41059	0.0	0.0	0.0	0.0	0.0	0.0	2.13817	0.0	0.0	0.0	0.0	3.76732	5.72156	8.1455	33.53198	0.36894	6.47694	0.05414	0.0	3.4303	0.0	0.15617	4.777	3.89988	8.80991	0.0	0.0	0.0	0.0	0.0	0.0	0.0	0.0	2.681	0.64944	0.38322	0.0	0.0	0.0	0.0	0.0	0.15083	16.33711	0.40915	2.55576	0.0	0.0
Prevotella_timonensis	0.28374	0.0	0.0	0.0	0.0	0.0	0.0	0.0	3.15451	0.12487	0.0	0.0	0.0	0.0	0.0	0.0	0.0	0.71824	0.0	7.94085	0.0	0.0	0.0	0.0	0.0	0.0	0.0	0.0	0.0	0.0	0.0	0.0	0.0	0.0	0.0	0.0	0.0	0.00874	0.0	0.0	0.0	0.0	0.0	7.66703	0.0	0.0	0.0	0.0	0.0
Alistipes_putredinis	0.0	0.0	0.0	0.0	0.0	0.0	0.0	0.0	0.0	0.0	0.0	0.0	0.0	0.0	0.0	0.0	0.0	0.0	0.0	0.0	0.0	0.0	0.0	0.0	0.0	0.0	0.0	0.0	0.0	0.0	0.0	0.0	0.0	0.0	0.0	0.0	0.0	0.0	0.04215	0.0	0.0	0.0	0.0	0.0	0.0	0.0	0.0	0.0	0.0
Alistipes_senegalensis	0.0	0.0	0.0	0.0	0.0	0.0	0.0	0.0	0.0	0.0	0.0	0.0	0.0	0.0	0.0	0.0	0.0	0.0	0.0	0.0	0.0	0.0	0.0	0.0	0.0	0.0	0.0	0.0	0.0	0.0	0.0	0.0	0.0	0.0	0.0	0.0	0.0	0.0	0.0	0.0	0.0	0.0	0.0	0.0	0.04387	0.0	0.0	0.0	0.0
Alistipes_shahii	0.0	0.0	0.0	0.0	0.0	0.0	0.0	0.0	0.0	0.0	0.0	0.0	0.0	0.0	0.0	0.0	0.0	0.0	0.0	0.0	0.0	0.0	0.0	0.0	0.0	0.0	0.0	0.0	0.0	0.0	0.0	0.0	0.0	0.0	0.0	0.0	0.0	0.0	0.0	0.0	0.0	0.0	0.0	0.0	0.08698	0.0	0.0	0.0	0.0
Alistipes_unclassified	0.0	0.0	0.0	0.0	0.0	0.0	0.0	0.0	0.0	0.0	0.0	0.0	0.0	0.0	0.0	0.0	0.0	0.0	0.0	0.0	0.0	0.0	0.0	0.0	0.0	0.0	0.0	0.0	0.0	0.0	0.0	0.0	0.0	0.0	0.0	0.0	0.0	0.0	0.0	0.0	0.0	0.0	0.0	0.0	0.0	0.00282	0.0	0.0	0.0
Capnocytophaga_unclassified	0.0	0.0	0.0	0.0	0.0	0.0	0.0	0.0	0.0	0.0	0.0	0.0	0.0	0.0	0.0	0.0	0.0	0.0	0.0	0.0	0.0	0.0	0.0	0.0	0.0	0.0	0.0	0.0	0.0	0.0	0.0	0.00232	0.0	0.0	0.0	0.0	0.0	0.0	0.0	0.0	0.0	0.0	0.0	0.0	0.0	0.0	0.0	0.0	0.0
Empedobacter_brevis	0.0	0.0	0.0	0.0	0.0	0.0	0.0	0.0	0.0	0.0	0.0	0.0	0.0	0.0	0.0	0.0	0.0	0.0	0.0	0.0	0.0	0.0	0.0	0.0	0.0	0.0	0.0	0.0	0.0	0.0	0.00583	0.0	0.0	0.0	0.0	0.0	0.0	0.0	0.0	0.0	0.0	0.0	0.0	0.0	0.0	0.0	0.0	0.0	0.0
Thermus_unclassified	0.0	0.0	0.0	0.0	0.0	0.0	0.0	0.0	0.0	0.0	0.0	0.0	0.0	0.0	0.0	0.0	0.0	0.0	0.0	0.0	0.0	0.0	0.0	0.0	0.0	0.0	0.0	0.0	0.0	0.0	0.0	0.00036	0.0	0.0	0.0	0.0	0.0	0.0	0.0	0.0	0.0	0.0	0.0	0.0	0.0	0.0	0.0	0.0	0.0
Anoxybacillus_flavithermus	0.0	0.0	0.0	0.0	0.0	0.0	0.0	0.0	0.0	0.0	0.0	0.0	0.0	0.0	0.0	0.0	0.0	0.0	0.0	0.0	0.0	0.0	0.0	0.0	0.0	0.0	0.0	0.0	0.0	0.0	0.0	0.0	0.0	0.0	0.0	0.0	0.0	0.0	0.0	0.12435	0.0	0.0	0.0	0.0	0.0	0.0	0.0	0.0	0.0
Anoxybacillus_unclassified	0.0	0.0	0.0	0.0	0.0	0.0	0.0	0.0	0.0	0.0	0.0	0.0	0.0	0.0	0.0	0.0	0.0	0.0	0.0	0.0	0.0	0.0	0.0	0.0	0.0	0.0	0.0	0.0	0.0	0.0	0.0	0.0	0.0	0.0	0.0	0.0	0.0	0.0	0.0	0.11259	0.0	0.0	0.0	0.0	0.0	0.0	0.0	0.0	0.0
Bacillus_cereus_thuringiensis	0.0	0.0	0.0	0.0	0.0	0.0	0.0	0.0	0.0	0.0	0.0	0.0	0.0	0.0	0.0	0.0	0.0	0.0	0.0	0.0	0.0	0.0	0.0	0.0	0.11311	0.0	0.0	0.0	0.0	0.0	0.0	0.0	0.0	0.0	0.0	0.0	0.0	0.0	0.0	0.0	0.0	0.0	0.0	0.0	0.0	0.0	0.0	0.0	0.0
Gemella_unclassified	0.0	0.0	0.0	0.0	0.0	0.0	0.0	0.0	0.0	0.0	0.0	0.0	0.0	0.0	0.0	0.0	0.0	0.0	0.0	0.0	0.0	0.0	0.0	0.0	0.0	0.0	0.0	0.0	0.0	0.0	0.0	0.00023	0.0	0.0	0.0	0.0	0.0	0.0	0.0	0.0	0.0	0.0	0.0	0.0	0.0	0.0	0.0	0.0	0.0
Staphylococcus_arlettae	0.0	0.0	0.0	0.0	0.0	0.0	0.0	0.0	0.0	0.0	0.0	0.0	0.0	0.0	0.0	0.0	0.0	0.0	0.0	0.0	0.0	0.0	0.0	0.0	0.0	0.0	0.0	0.0	0.0	0.0	0.0	0.0	0.0	0.0	0.0	0.0	0.0	0.0	0.0	0.0	0.0	0.0	0.0	0.0	0.0	0.03975	0.0	0.0	0.0
Staphylococcus_aureus	0.0	0.0	0.0	0.0	0.0	0.0	0.0	0.0	0.0	0.0	0.0	0.0	0.0	0.0	0.0	0.0	0.0	0.0	0.0	0.0	0.0	0.0	0.0	0.0	0.0	0.0	0.0	0.0	0.0	0.0	0.0	0.0	0.0	0.0	0.0	0.0	0.0	0.0	0.0	0.11576	0.0	0.0	0.0	0.0	0.0	0.0	0.0	0.0	0.0
Staphylococcus_epidermidis	0.0	0.0	0.0	0.0	0.0	0.0	0.0	0.0	0.0	0.0	0.0	0.0	0.0	0.0	0.0	0.0	0.0	0.0	0.0	0.0	0.0	0.0	0.0	0.0	0.0	0.0	0.0	0.0	0.0	0.0	0.0	0.0	0.0	0.0	0.0	0.0	0.0	0.01733	0.0	0.0	0.19512	0.25678	0.0	0.0	0.0	0.0	0.0	0.0	0.0
Staphylococcus_haemolyticus	0.0	0.0	0.0	0.0306	0.0	0.0	0.0	0.0	0.0	0.0	0.0	0.0	0.0	0.0	0.0	0.0	0.0	0.0	0.0	0.0	0.0	0.0	0.0	0.0	0.0	0.0	0.0	0.0	0.0	0.0	0.0	0.0	0.0	0.0	0.0	0.0	0.0	0.0	0.48922	0.0	0.00153	0.12383	0.0	0.0	0.01815	0.07271	0.0	0.0	0.0
Staphylococcus_hominis	0.0	0.01006	0.0	0.0	0.0	0.0	0.0	0.0	0.0	0.0	0.0	0.0	0.0	0.0	0.0	0.0	0.0	0.0	0.0	0.0	0.0	0.0	0.0	0.0	0.0	0.0	0.0	0.0	0.0	0.0	0.0	0.0	0.0	0.0	0.0	0.0	0.0	0.11886	0.0	0.0	0.2165	0.25633	0.0	0.0	0.0	0.00155	0.0	0.0	0.0
Facklamia_hominis	0.0	0.0	0.0	0.0	0.0	0.0	0.0	0.0	0.0	0.0	0.0	0.0	0.0	0.0	0.0	0.0	0.0	0.0	0.0	0.74053	0.0	0.0	0.0	0.0	0.0	0.0	0.0	0.0	0.0	0.0	0.0	0.0	0.0	0.0	0.0	0.0	0.0	0.0	0.0	0.0	0.0	0.0	0.0	0.61921	0.0	0.0	0.0	0.0	0.0
Facklamia_unclassified	0.0	0.0	0.0	0.0	0.0	0.0	0.0	0.0	0.0	0.0	0.03552	0.0	0.0	0.0	0.0	0.0	0.0	0.0	0.0	0.0	0.0	0.0	0.0	0.0	0.0	0.0	0.0	0.0	0.0	0.0	0.0	0.0	0.0	0.0	0.0	0.0	0.0	0.0	0.0	0.0	0.0	0.0	0.0	0.01412	0.0	0.0	0.0	0.0	0.0
Granulicatella_adiacens	0.0	0.0	0.0	0.0	0.0	0.0	0.0	0.0	0.0	0.0	0.0	0.00059	0.0	0.0	0.0	0.0	0.0	0.0	0.0	0.0	0.0	0.0	0.0	0.0	0.0	0.0	0.0	0.0	0.0	0.0	0.0	0.00219	0.0	0.0	0.0	0.0	0.0	0.0	0.0	0.1382	0.0	0.0	0.0	0.0	0.0	0.0	0.0	0.0	0.01522
Granulicatella_elegans	0.0	0.0	0.0	0.0	0.0	0.0	0.0	0.0	0.02045	0.11658	0.0	0.0	0.0	0.0	0.0	0.0	0.0	0.0	0.0	0.0	0.0	0.0	0.0	0.0	0.0	0.0	0.0	0.0	0.0	0.0	0.0	0.0	0.0	0.0	0.0	0.0	0.0	0.0	0.0	0.0	0.0	0.0	0.0	0.0	0.0	0.0	0.0	0.0	0.0
Granulicatella_unclassified	0.0	0.0	0.0	0.0	0.0	0.0	0.0	0.0	0.04065	0.0	0.0	0.00506	0.0	0.0	0.0	0.0	0.0	0.0	0.0	0.0	0.0	0.0	0.0	0.0	0.0	0.0	0.0	0.0	0.0	0.0	0.0	0.00277	0.0	0.0	0.0	0.0	0.0	0.0	0.0	0.49028	0.0	0.00343	0.00554	0.0	0.0	0.0	0.0	0.00361	0.03154
Enterococcus_avium	0.0	0.0	0.0	0.0	0.0	0.0	0.0	0.0	0.0	0.0	0.0	0.0	0.0	0.0	0.0	0.0	0.0	0.0	0.0	0.0	0.0	0.0	0.0	0.0	0.0	0.0	0.0	0.0	0.0	0.0	1.28781	0.0	0.0	0.0	0.0	0.0	0.0	0.0	0.0546	0.0	0.0	0.02962	0.00481	0.0	0.0	0.0	0.0	0.0	0.0
Enterococcus_cecorum	0.0	0.0	0.0	0.0	0.0	0.0	0.0	0.0	0.0	0.0	0.0	0.0	0.0	0.0	0.0	0.0	0.0	0.0	0.0	0.0	0.0	0.0	0.0	0.0	0.0	0.0	0.0	0.0	0.0	0.0	0.0333	0.0	0.0	0.0	0.0	0.0	0.0	0.0	0.0	0.0	0.0	0.0	0.0	0.0	0.0	0.0	0.0	0.0	0.0
Enterococcus_faecalis	0.0	0.0	0.0	0.0	6.69319	0.0	0.0	0.0	0.0	0.0	0.0	0.0	0.07411	0.0	0.0	0.0	0.0	0.0	0.0	0.0	0.0	0.0	0.0	0.0	0.0	0.0	0.0	0.0	0.0	0.0	0.0	0.0	0.0	0.0	0.0	0.0	0.0	0.0	0.07713	0.0	0.0	0.0	0.04489	0.0	0.0	0.0	0.0	0.0	0.01503
Enterococcus_faecium	0.0	0.0	0.0	0.0	0.0	0.0	0.0	1.59796	0.0	0.0	0.0	0.0	0.0	0.0	0.0	0.0	0.0	0.0	0.0	0.0	0.0	0.00812	0.0	0.0	0.0	0.0	0.0	0.0	0.0	0.0	0.0	0.0	0.0	0.0	0.0	0.0	0.0	0.0	0.0	0.0	0.0	0.01242	0.0	0.0	0.0	0.0	0.0	0.0	0.0
Enterococcus_gallinarum	0.0	0.0	0.0	0.0	0.0	0.0	0.0	0.0	0.0	0.0	0.0	0.0	0.0	0.0	0.0	0.0	0.0	0.0	0.0	0.0	0.0	0.0	0.0	0.0	0.0	0.0	0.0	0.0	0.0	0.0	0.0	0.0	0.0	0.0	0.0	0.0	0.0	0.0	0.0	0.0	0.0	0.0099	0.0	0.0	0.0	0.0	0.0	0.0	0.0
Enterococcus_hirae	0.0	0.0	0.0	0.0	0.0	0.0	0.0	0.0	0.0	0.0	0.0	0.0	0.01925	0.0	0.0	0.0	0.0	0.0	0.0	0.0	0.0	0.0	0.0	0.0	0.0	0.0	0.0	0.0	0.0	0.0	0.0	0.00053	0.0	0.0	0.0	0.0	0.0	0.0	0.0	0.0	0.0	0.0	0.01539	0.0	0.0	0.0	0.0	0.0	0.0
Enterococcus_raffinosus	0.0	0.0	0.0	0.0	0.0	0.0	0.0	0.0	0.0	0.0	0.0	0.0	0.02693	0.0	0.0	0.0	0.0	0.0	0.0	0.0	0.0	0.0	0.0	0.0	0.0	0.0	0.0	0.0	0.0	0.0	0.0	0.0	0.0	0.0	0.0	0.0	0.0	0.0	0.0	0.0	0.0	0.0227	0.01605	0.0	0.0	0.0	0.0	0.0	0.0
Lactobacillus_amylovorus	0.0	0.0	0.0	0.0	0.0	0.0	0.0	0.0	0.0	0.0	0.0	0.0	0.0	0.0	0.0	0.0	0.0	0.0	0.0	0.0	0.0	0.0	0.0	0.0	0.0	0.0	0.0	0.0	0.0	0.0	0.0	0.0	0.0	0.0	0.0	0.0	0.0	0.0	0.0	0.0	0.11763	0.0	0.0	0.0	0.0	0.0	0.0	0.0	0.0
Lactobacillus_crispatus	0.0	0.0	0.0	0.0	0.0	0.0	0.0	0.0	0.0	0.0	0.0	0.0	0.0	0.0	0.0	0.0	0.0	0.0	0.0	0.0	0.0	0.0	0.0	0.0	0.0	0.0	0.0	0.0	0.0	0.0	0.0	0.0	0.0	0.0	0.0	0.0	0.0	0.0	0.0	0.0	0.22302	0.11682	0.0	0.0	0.0	0.0	0.0	0.0	0.0
Lactobacillus_delbrueckii	0.0	0.0	0.0	0.0	0.0	0.0	0.0	0.0	0.0	0.0	0.0	0.0	0.0	0.0	0.0	0.0	0.0	0.0	0.0	0.0	0.0	0.20099	0.0	0.0	0.0	0.0	0.0	0.0	0.0	0.0	0.0	0.0	0.0	0.0	0.0	0.0	0.0	0.0	0.0	0.0	0.0	0.0	0.0	0.0	0.0	0.0	0.0	0.0	0.0
Lactobacillus_fermentum	0.0	0.00691	0.0	0.0	0.0	0.0	0.0	0.0	0.0	0.0	0.0	0.0	0.00389	0.0	0.0	0.0	0.0	0.0	0.0	0.0	0.0	0.02532	0.0	0.0	0.0	0.0	0.0	0.0	0.0	0.0	0.0	0.0	0.0	0.0	0.0	0.0	0.0	0.04328	0.0	0.0	0.0	0.0	0.00949	0.0	0.0	0.0	0.0	0.0	0.0
Lactobacillus_iners	0.0	0.0	0.72312	1.48571	0.0	0.0	0.0	0.0	0.0	0.0	0.0	0.0	0.0	0.0	0.0	0.0	0.0	0.0	0.0	0.0	0.0	0.0	0.0	0.0	0.0	0.0	0.0	0.0	0.0	0.0	0.0	0.0	0.0	0.0	0.0	0.0	0.0	0.01086	0.0	0.0	0.16589	0.00399	0.0	0.0	0.0	0.0	0.0	0.0	0.0
Lactobacillus_johnsonii	0.0	0.0	0.0	0.0	0.0	0.0	0.0	0.0	0.0	0.0	0.0	0.0	0.0	0.0	0.0	0.0	0.0	0.0	0.0	0.0	0.0	0.00361	0.0	0.0	0.0	0.0	0.0	0.0	0.0	0.0	0.0	0.0	0.0	0.0	0.0	0.0	0.0	0.0	0.0	0.0	0.0	0.0	0.0	0.0	0.0	0.0	0.0	0.0	0.0
Lactobacillus_mucosae	0.0	0.0	0.0	0.0	0.0	0.00286	0.0	0.0	0.0	0.0	0.0	0.0	0.0	0.0	0.0	0.0	0.0	0.0	0.0	0.0	0.0	0.17825	0.0	0.0	0.0	0.0	0.0	0.0	0.0	0.0	0.0	0.0	0.0	0.0	0.0	0.0	0.0	0.02504	0.0	0.0	0.0	0.01793	0.0	0.0	0.0	0.0	0.0	0.0	0.0
Lactobacillus_ruminis	0.0	0.493	0.55261	0.0	0.0	3.3989	0.0	0.0	1.21188	0.06855	0.0	0.0	0.0	0.81952	0.0	0.0	0.0	0.0	0.0	0.99357	0.0	3.69103	0.0	0.0	1.85447	1.6675	0.0	0.0	0.0	0.0	0.0	0.0	0.0	0.0	0.0	0.0	0.0	0.42173	0.0	0.0	0.45514	0.46008	0.0	1.0395	0.0	0.0	0.0	0.0	0.0
Lactobacillus_saerimneri	0.0	0.0	0.0	0.0	0.0	0.0	0.0	0.0	0.0	0.0	0.0	0.0	0.0	0.0	0.0	0.0	0.0	0.0	0.0	0.0	0.0	0.0	0.0	0.0	0.0	0.0	0.0	0.0	0.0	0.0	0.0	0.0	0.0	0.0	0.0	0.0	0.0	0.0	0.0	0.0	0.01353	0.0	0.0	0.0	0.0	0.0	0.0	0.0	0.0
Lactobacillus_salivarius	0.93543	0.72706	0.0	0.0	0.0	0.0	0.0	0.0	0.0	0.0	0.0	0.0	0.0	0.0	0.0	0.0	0.0	0.0	0.0	0.0	0.0	0.0	0.0	0.0	0.0	0.0	0.0	0.0	0.0	0.0	0.0	0.0	0.0	0.0	0.0	0.0	0.0	0.44711	0.0	0.0	0.0	0.0	0.0	0.0	0.0	0.0	0.0	0.0	0.0
Lactobacillus_sp_7_1_47FAA	0.0	0.0	0.0	0.0	0.0	0.0	0.0	0.0	0.0	0.0	0.0	0.0	0.0	0.0	0.0	0.0	0.0	0.0	0.0	0.0	0.0	0.0	0.0	0.0	0.0	0.0	0.0	0.0	0.0	0.0	0.0	0.0	0.0	0.0	0.0	0.0	0.0	0.0	0.0	0.0	0.25153	0.0	0.0	0.0	0.0	0.0	0.0	0.0	0.0
Leuconostoc_lactis	0.0	0.0	0.0	0.0	0.0	0.0	0.0	0.0	0.19204	0.0	0.0	0.0	0.0	0.0	0.0	0.0	0.0	0.0	0.0	0.0	0.0	0.0	0.0	0.0	0.0	0.0	0.0	0.0	0.0	0.0	0.0	0.0	0.0	0.0	0.0	0.0	0.0	0.0	0.0	0.0	0.0	0.0	0.0	0.0	0.0	0.0	0.0	0.0	0.0
Weissella_confusa	0.0	0.32161	0.0	0.0	0.0	0.12819	0.0	0.0	0.0	0.0	0.0	0.0	0.0	0.0	0.0	0.0	0.0	0.0	0.0	0.0	0.0	0.16299	0.0	0.0	0.16988	0.0	0.0	0.0	0.0	0.0	0.0	0.0	0.0	0.0	0.0	0.0	0.0	0.27446	0.0	0.0	0.0	0.0	0.00857	0.0	0.0	0.0	0.0	0.03308	0.0
Weissella_unclassified	0.0	0.0	0.0	0.0	0.0	0.0	0.0	0.0	0.0	0.0	0.0	0.0	0.02711	0.0	0.0	0.0	0.0	0.0	0.0	0.0	0.0	0.02289	0.0	0.0	0.00051	0.0	0.0	0.0	0.0	0.0	0.0	0.0	0.0	0.0	0.0	0.0	0.0	0.04078	0.0	0.0	0.0	0.0	0.02682	0.0	0.0	0.0	0.0	0.0	0.0
Lactococcus_garvieae	0.0	0.0	0.0	0.0	0.0	0.0	0.0	0.0	0.0	0.0	0.0	0.0	0.0	0.0	0.0	0.0	0.0	0.0	0.0	0.0	0.0	0.0087	0.0	0.0	0.0	0.0	0.0	0.0	0.0	0.0	0.0	0.0	0.0	0.0	0.0	0.0	0.0	0.0	0.0	0.0	0.0	0.0	0.0	0.0	0.0	0.0	0.0	0.0	0.0
Streptococcus_anginosus	0.0	0.0	0.01839	0.13106	0.0	0.0	0.0	0.0	0.0	0.0	0.0	0.0	0.0	0.0	0.0	0.0	0.0	0.0	0.0	0.0	0.0	1.04376	0.0	0.0	0.0	0.0	0.0	0.0	0.0	0.0	0.0	0.0	0.0	0.0	0.0	0.0	0.8208	0.0	0.0	0.0	0.0	0.0	0.0	0.0	0.0	0.0	0.0	0.0	0.0
Streptococcus_australis	0.0	0.0	0.0	0.0	0.0	0.0	0.0	0.0	0.0	0.0	0.0	0.00461	0.0	0.0	0.0	0.0	0.0	0.0	0.0	0.0	0.0	0.0	0.0	0.0	0.0	0.0	0.0	0.0	0.0	0.0	0.0	0.00013	0.0	0.0	0.0	0.0	0.0	0.0	0.0	0.02765	0.0	0.0	0.00433	0.0	0.0	0.0	0.0	0.01646	0.0252
Streptococcus_cristatus	0.0	0.0	0.0	0.0	0.0	0.0	0.0	0.0	0.0	0.0	0.0	0.00276	0.0	0.0	0.0	0.0	0.0	0.0	0.0	0.0	0.0	0.0	0.0	0.0	0.0	0.0	0.0	0.0	0.0	0.0	0.0	0.0	0.0	0.0	0.0	0.0	0.0	0.0	0.0	0.0	0.0	0.0	0.0	0.0	0.0	0.0	0.0	0.0	0.0
Streptococcus_gallolyticus	0.0	0.0	0.0	0.0	0.0	0.0	0.0	0.0	0.0	0.0	0.0	0.0	0.0	0.0	0.0	0.0	0.0	0.0	0.0	0.0	0.0	0.01167	0.0	0.0	0.0	0.0	0.0	0.0	0.0	0.0	0.0	0.00026	0.0	0.0	0.0	0.0	0.0	0.0	0.0	0.0	0.0	0.0	0.0	0.0	0.01223	0.01846	0.0	0.0	0.0
Streptococcus_gordonii	0.0	0.0	0.0	0.0	0.0	0.0	0.0	0.0	0.0	0.0	0.0	0.04703	0.0	0.0	0.0	0.0	0.13529	0.0	0.0	0.0	0.0	0.02241	0.0	0.0	0.0	0.0	0.0	0.0	0.0	0.0	0.0	0.0	0.0	0.0	0.0	0.0	0.0	0.0	0.0	0.0	0.0	0.0	0.0	0.0	0.0	0.0	0.0	0.00861	0.0
Streptococcus_infantarius	0.17857	5.3985	0.0	0.0	0.0	1.63591	0.0	0.0	0.398	0.04153	0.0	0.01742	0.04867	3.46668	0.34902	4.55453	0.0	0.34447	0.26953	1.54936	0.0	4.58165	0.0	10.20603	9.6952	0.10568	0.00723	0.0	0.13881	0.0	0.0	0.0	0.0	0.0	0.0	0.0	0.78379	3.40944	0.0	0.35547	0.17022	0.0	0.00911	1.30031	0.0	0.0	3.64506	0.01694	0.0
Streptococcus_infantis	0.0	0.0	0.0	0.0	0.16546	0.0	0.0	0.0	0.0	0.0	0.0	0.00362	0.0	0.0	0.0	0.0	0.0	0.0	0.0	0.0	0.0	0.03004	0.0	0.0	0.0	0.0	0.0	0.0	0.0	0.0	0.0	0.00098	0.0	0.0	0.0	0.0	0.0	0.0	0.0	0.40469	0.0	0.0	0.0	0.0	0.0	0.0	0.0	0.00704	0.00937
Streptococcus_lutetiensis	0.48588	0.0	0.0	0.0	2.88391	4.74919	0.0	3.75767	0.0	0.0	0.01593	0.00762	1.77817	0.0	0.0	0.0	0.03775	0.13121	0.0	0.0	0.0	0.03873	0.0	9.67126	0.35434	0.0	0.0	18.97218	0.0	0.0	1.01896	0.00972	0.0	0.0	0.0	0.0	1.33204	0.0	0.00965	5.71717	0.0	0.22363	0.63145	0.0	0.29127	0.0	0.34509	0.00792	0.60247
Streptococcus_macedonicus	0.05842	0.0	0.0	0.0	0.0	0.0	0.0	0.0	0.0	0.0	0.0	0.00166	0.00518	0.0	0.0	0.1463	0.0	0.0	0.0	0.0	0.0	0.46445	0.0	0.0	0.0291	0.0	0.0	0.0	0.0	0.0	0.0	6e-05	0.0	0.0	0.0	0.0	0.01765	0.0	0.08998	0.00732	0.0	0.0	0.0	0.0	0.0	0.03263	0.0	0.00287	0.0
Streptococcus_mitis_oralis_pneumoniae	0.01387	0.0	0.0	0.0	1.63238	0.0	0.0	0.0	0.0	0.0	0.0	0.00162	0.01367	0.0	0.0	0.0	0.0	0.0	0.0	0.0	0.0	0.00198	0.0	0.0	0.0	0.0	0.0	0.0	0.0	0.00305	0.0	0.00188	0.0	0.50608	0.0	0.0	0.0	0.0	0.0	1.19346	0.0	0.0	0.00723	0.0	0.0	0.0	0.0	0.00832	0.02693
Streptococcus_parasanguinis	0.12614	0.0	0.0	0.0	0.0	0.0	0.0	0.0	0.0	0.0	0.0	0.6613	0.00443	0.0	0.0	0.42324	0.38919	0.0	0.0	0.0	0.0	3.56603	0.0	0.0	0.0	0.0	0.0	0.0	0.0	0.0	0.0	0.00658	0.0	0.09395	0.0	0.0	0.0	0.01791	0.0	1.10399	0.0	0.0	0.01178	0.0	0.01408	0.0	0.0	0.37822	0.01474
Streptococcus_pasteurianus	0.0	0.0	0.0	0.0	0.0	0.00964	0.0	0.38313	0.0	0.0	0.0	0.01083	5.37742	0.0	0.0	0.0	0.59433	0.0	0.0	0.0	0.0	0.0	0.0	0.0	0.01206	0.0	0.0	0.0	0.0	0.0	3.17899	0.0	0.0	0.0	0.0	0.0	0.0	0.0	0.09091	7.14861	0.0	0.04614	2.45365	0.0	1.07962	0.05472	0.0	0.00136	0.0
Streptococcus_pseudopneumoniae	0.0	0.0	0.0	0.0	0.0	0.0	0.0	0.0	0.0	0.0	0.0	0.0	0.0	0.0	0.0	0.0	0.0	0.0	0.0	0.0	0.0	0.0	0.0	0.0	0.0	0.0	0.0	0.0	0.0	0.0	0.0	0.0	0.0	0.0	0.0	0.0	0.0	0.0	0.0	0.1059	0.0	0.0	0.0	0.0	0.0	0.0	0.0	0.0	0.0
Streptococcus_salivarius	0.62834	0.0	0.0	0.0	0.3542	0.04305	0.0	0.0	0.0	0.04401	0.0	16.26576	0.54436	0.0	0.0	2.02776	1.18749	0.0	0.10382	0.0	0.0	3.59085	0.0	3.04281	0.38899	0.0	0.0	0.0	0.0	0.0	0.01696	0.06394	0.0	1.86032	0.0	0.0	0.0	0.02315	0.0	0.06314	0.00798	0.0	0.24929	0.0	0.07485	0.0	0.0	0.30054	0.0669
Streptococcus_sanguinis	0.0	0.0	0.0	0.0	0.0	0.0	0.0	0.0	0.0	0.0	0.0	0.00256	0.0	0.0	0.0	0.0	0.0	0.0	0.0	0.0	0.0	0.0	0.0	0.0	0.0	0.0	0.0	0.0	0.0	0.0	0.0	0.0025	0.0	0.0	0.0	0.0	0.0	0.0	0.0	0.62701	0.0	0.0	0.0	0.0	0.0	0.0	0.0	0.00492	0.0
Streptococcus_sp_BS35b	0.0	0.0	0.0	0.0	0.0	0.0	0.0	0.0	0.0	0.0	0.0	0.0	0.0	0.0	0.0	0.0	0.0	0.0	0.0	0.0	0.0	0.0	0.0	0.0	0.0	0.0	0.0	0.0	0.0	0.0	0.0	0.0	0.0	0.0	0.0	0.0	0.0	0.0	0.0	0.0	0.0	0.0	0.0	0.0	0.0	0.0	0.0	0.0	0.07384
Streptococcus_thermophilus	0.0	0.0	0.0	0.0	0.0	0.0	0.0	0.0	0.0	0.0	0.0	0.01075	0.0	0.0	0.0	0.11579	0.0	0.0	0.0	0.0	0.0	0.10024	0.0	0.0	0.0	0.0	0.0	0.0	0.0	0.0	0.0	0.0054	0.0	0.0	0.0	0.0	0.0	0.0	0.0	0.0	0.0	0.0	0.0	0.0	0.0	0.0	0.0	0.00206	0.0
Streptococcus_tigurinus	0.0	0.0	0.0	0.0	0.0	0.0	0.0	0.0	0.0	0.0	0.0	0.0	0.0	0.0	0.0	0.0	0.0	0.0	0.0	0.0	0.0	0.0036	0.0	0.0	0.0	0.0	0.0	0.0	0.0	0.0	0.0	0.0	0.0	0.0	0.0	0.0	0.0	0.0	0.0	0.0	0.0	0.0	0.0	0.0	0.0	0.0	0.0	0.0	0.0
Streptococcus_vestibularis	0.0	0.0	0.0	0.0	0.0	0.0	0.0	0.0	0.0	0.0	0.0	0.02544	0.2651	0.0	0.0	0.0	0.0	0.0	0.0	0.0	0.0	0.31895	0.0	0.0	0.0	0.0	0.0	0.0	0.0	0.0	0.0	0.00539	0.0	0.0	0.0	0.0	0.0	0.0	0.0	0.0	0.0	0.0	0.13257	0.0	0.0	0.0	0.0	0.00361	0.0
Clostridium_bolteae	0.0	0.0	0.0	0.0	0.0	0.0	0.0	0.0	0.0	0.0	0.0	0.0	0.0	0.0	0.0	0.0	0.0	0.0	0.0	0.0	0.0	0.0	0.0	0.0	0.0	0.0	0.0	0.0	0.0	0.0	0.0	0.0	0.0	0.0	0.0	0.0	0.0	0.0	0.00336	0.0	0.00041	0.0	0.0	0.0	0.0	0.0	0.0	0.0	0.0
Clostridium_butyricum	0.0	0.0	0.0	0.0	0.0	0.0	0.0	0.0	0.0	0.0	0.0	0.0	0.0	0.0	0.0	0.0	0.0	0.0	0.0	0.0	0.0	0.0	0.0	0.0	0.0	0.0	0.0	0.0	0.0	0.0	0.0	0.0	0.0	0.0	0.0	0.0	0.0	0.0	0.0	0.0	0.0	0.0	0.0	0.0	0.09334	0.0	0.0	0.0	0.0
Clostridium_citroniae	0.0	0.0	0.0	0.0	0.0	0.0	0.0	0.0	0.0	0.0	0.0	0.0	0.0	0.0	0.0	0.0	0.0	0.0	0.0	0.0	0.0	0.0	0.0	0.0	0.0	0.0	0.0	0.0	0.0	0.0	0.0	0.0	0.0	0.0	0.0	0.0	0.0	0.0	0.0	0.0	0.0	0.0	0.0	0.0	0.01372	0.0	0.0	0.0	0.0
Clostridium_clostridioforme	0.0	0.0	0.0	0.98609	0.0	0.0	0.0	0.0	0.0	0.0	0.0	0.0	0.0	0.0	0.0	0.0	0.0	0.0	0.0	0.0	0.0	0.0	0.0	0.0	0.0	0.0	0.0	0.0	0.0	0.0	0.0	0.0	0.0	0.0	0.0	0.0	0.0	0.0	0.0	0.0	0.0	0.0	0.0	0.0	0.0	0.0	0.0	0.0	0.0
Clostridium_hathewayi	0.0	0.0	0.15379	4.49224	0.0	0.0	0.0	0.0	0.0	0.6063	0.00497	0.0	0.0	0.0	0.0	0.0	0.0	0.0	0.0	0.0	0.0	0.0	0.0	0.0	0.0	0.0	0.0	0.0	0.0	0.0	0.0	0.0	0.0	0.0	0.0	0.0	0.0	0.0	0.0	0.0	0.0226	0.04443	0.0	0.0	0.0	0.0	0.0	0.0	0.0
Clostridium_nexile	0.0	0.0	0.0	0.0	0.0	0.0	0.0	0.0	0.06785	1.43629	0.0	0.0	0.0	0.0	0.0	0.0	0.0	0.0	0.0	0.0	0.0	0.0	0.0	0.0	0.0	0.0	0.0	0.0	0.0	0.0	0.0	0.0	0.0	0.0	0.0	0.0	0.0	0.0	0.0	0.0	0.03463	0.12116	0.0	0.0	0.0	0.0	0.0	0.0	0.0
Clostridium_perfringens	0.0	0.0	0.0	0.0	0.86011	0.0	0.0	0.0	0.0	0.0	0.0	0.0	0.0	0.0	0.0	0.0	0.0	0.0	0.0	0.0	0.0	0.0366	0.0	0.0	0.0	0.0	0.0	0.0	0.0	0.0	0.0	0.0	0.0	0.0	0.0	0.0	0.0	0.0	0.0	0.0	0.01395	0.05828	0.0	0.0	0.0	0.0	0.0	0.0	0.0
Clostridium_symbiosum	0.0	0.0	0.0	1.33009	0.0	0.0	0.0	0.0	0.0	0.0	0.0	0.0	0.0	0.0	0.0	0.0	0.0	0.0	0.0	0.0	0.0	0.0	0.0	0.0	0.0	0.0	0.0	0.0	0.0	0.0	0.0	0.0	0.0	0.0	0.0	0.0	0.0	0.0	0.0	0.0	0.54449	0.05198	0.0	0.0	0.0	0.0	0.47763	1.077	0.0
Eubacterium_infirmum	0.0	0.0	0.0	0.0	0.0	0.0	0.0	0.0	0.0	0.0	0.0	0.0	0.0	0.0	0.0	0.0	0.0	0.0	0.0	0.0	0.0	0.0	0.0	0.0	0.0	0.0	0.0	0.0	0.0	0.0	0.0	0.0	0.0	0.0	0.0	0.0	0.0	0.0	0.0	0.0	0.0	0.0	0.0	0.0	0.0	0.0	0.0774	0.0	0.0
Anaerococcus_hydrogenalis	0.0	0.00445	0.27673	0.0	0.0	0.0	0.0	0.0	0.0	0.0	0.01613	0.0	0.0	0.0	0.0	0.0	0.0	0.01014	0.00523	0.8277	0.0	0.0	0.0	0.0	0.0	0.0	0.0	0.0	0.0	0.0	0.0	0.0	0.0	0.0	0.0	0.0	0.0	0.01932	0.48098	0.0	0.13665	0.0	0.0	0.69656	0.0	0.0	0.0	0.0	0.0
Anaerococcus_lactolyticus	0.0	0.0	0.0	0.0	0.0	0.0	0.0	0.0	0.03582	0.0	0.01308	0.0	0.0	0.0	0.0	0.0	0.0	0.0	0.0	0.22119	0.0	0.0	0.0	0.0	0.0	0.0	0.0	0.0	0.0	0.0	0.0	0.0	0.0	0.0	0.0	0.0	0.0	0.0	0.46067	0.0	0.45512	0.0	0.0	0.22528	0.0	0.0	0.0	0.0	0.0
Anaerococcus_obesiensis	0.09907	0.14254	1.15815	0.0	0.0	0.0	0.0	0.0	0.09045	1.90622	0.27753	0.0	0.0	0.0	0.0	0.0	0.0	0.5464	0.02718	3.02984	0.0	0.01294	0.0	0.0	0.0	0.0	0.0	0.0	0.0	0.0	0.0	0.0	0.0	0.0	0.0	0.0	0.0	0.10511	7.01037	0.0	4.64485	0.50356	0.0	1.91705	0.0	0.0	0.0	0.0	0.0
Anaerococcus_prevotii	0.2566	0.48593	6.07026	1.99331	0.0	0.0	0.0	0.0	0.12569	0.29974	0.27291	0.0	0.0	0.0	0.10739	0.29841	0.0	0.80465	0.09973	6.58052	0.0	0.0	0.0	0.0	0.0	0.0	0.0	0.0	0.0	0.0	0.0	0.0	0.0	0.0	0.0	0.0	0.0	0.42291	1.03075	0.0	7.74763	2.88232	0.0	4.89109	0.01938	0.0	0.0	0.0	0.0
Anaerococcus_vaginalis	0.81075	0.41746	2.78117	0.0	0.0	0.0	0.0	0.0	0.38725	1.59188	5.46445	0.0	0.0	0.0	0.0	0.0	0.0	1.47184	1.12171	3.09276	0.0	0.19758	0.0	0.0	0.0	0.0	0.0	0.0	0.0	0.0	0.0	0.0	0.0	0.0	0.0	0.0	0.0	0.27729	5.75129	0.0	6.55598	0.91708	0.0	1.62775	0.01634	0.0	0.0	0.0	0.0
Clostridiales_bacterium_BV3C26	0.60059	0.29786	0.0	0.0	0.0	0.0	0.0	0.0	0.01098	1.06101	0.0	0.0	0.0	0.0	0.0	0.0	0.0	0.0	0.00415	0.0	0.0	0.0	0.0	0.0	0.0	0.0	0.0	0.0	0.0	0.0	0.0	0.0	0.0	0.0	0.0	0.0	0.0	0.36337	0.0	0.0	0.0	0.0	0.0	0.0	0.0	0.0	0.0	0.0	0.0
Finegoldia_magna	0.05886	0.33734	5.52505	0.891	0.0	0.0	0.0	0.0	0.17011	1.29821	7.22792	0.0	0.0	5.01271	1.7998	0.0	0.0	0.63087	0.23804	9.15979	0.0	0.10179	26.57512	0.0	0.0	0.0	0.0	0.0	0.0	0.0	0.0	0.0	0.0	0.0	0.0	0.0	0.0	0.21712	31.19509	0.0	23.76344	2.63574	0.0	6.77491	0.05503	0.0	1.78034	0.00697	0.0
Parvimonas_micra	0.0	0.0	0.0	0.0	0.0	0.0	0.0	0.0	0.0	0.04003	0.0	0.0	0.0	0.0	0.0	0.0	0.0	0.0	0.0	0.0	0.0	0.0	0.0	0.0	0.0	0.0	0.0	0.0	0.0	0.0	0.0	0.0	0.0	0.0	0.0	0.0	0.0	0.0	0.0	0.0	0.0	0.0	0.0	0.0	0.0	0.0	0.0	0.0	0.0
Parvimonas_unclassified	0.0	0.0	0.0	0.0	0.0	0.0	0.0	0.0	0.00629	0.27157	0.0	0.0	0.0	0.0	0.0	0.0	0.0	0.0	0.0	0.0	0.0	0.0	0.0	0.0	0.0	0.0	0.0	0.0	0.0	0.0	0.0	0.0	0.0	0.0	0.0	0.0	0.0	0.0	0.0	0.0	0.0	0.0	0.0	0.0	0.0	0.0	0.0	0.0	0.0
Peptoniphilus_duerdenii	0.0	0.0	0.0	0.0	0.0	0.0	0.0	0.0	0.06641	0.38125	0.0	0.0	0.0	0.0	0.0	0.0	0.0	0.0	0.0	0.47439	0.0	0.0	0.0	0.0	0.0	0.0	0.0	0.0	0.0	0.0	0.0	0.0	0.0	0.0	0.0	0.0	0.0	0.0	0.0994	0.0	0.0	0.0	0.0	0.26089	0.0	0.0	0.0	0.0	0.0
Peptoniphilus_harei	0.0	0.08163	0.54168	0.0268	0.0	0.0	0.0	0.0	0.0	0.0	0.13338	0.0	0.0	0.0	0.0	0.0	0.0	0.0	0.0	1.67084	0.0	0.0	0.0	0.0	0.0	0.0	0.0	0.0	0.0	0.0	0.0	0.0	0.0	0.0	0.0	0.0	0.0	0.05394	0.0	0.0	0.0	0.0	0.0	1.45123	0.0	0.0	0.0	0.0	0.0
Peptoniphilus_lacrimalis	0.18878	0.94143	0.0	0.0	0.0	0.0	0.0	0.0	0.66786	2.92614	0.42516	0.0	0.0	0.98344	0.0	0.0	0.0	2.35181	0.07668	0.0	0.0	0.0	0.0	0.0	0.0	0.0	0.0	0.0	0.0	0.0	0.0	0.0	0.0	0.0	0.0	0.0	0.0	1.02046	0.0	0.0	0.0	0.0	0.0	0.0	0.0	0.0	0.0	0.0	0.0
Peptoniphilus_rhinitidis	0.0	0.0	0.0	0.0	0.0	0.0	0.0	0.0	0.0	0.0	0.0	0.0	0.0	0.0	0.0	0.0	0.0	0.0	0.0	0.0	0.0	0.0	0.0	0.0	0.0	0.0	0.0	0.0	0.0	0.0	0.0	0.0	0.0	0.0	0.0	0.0	0.0	0.03235	0.0	0.0	0.26401	0.03389	0.0	0.0	0.0	0.0	0.0	0.0	0.0
Peptoniphilus_sp_oral_taxon_375	0.0	0.0	0.0	0.0	0.0	0.0	0.0	0.0	0.0	0.0	0.0	0.0	0.0	0.0	0.0	0.0	0.0	0.0	0.0	0.0	0.0	0.0	0.0	0.0	0.0	0.0	0.0	0.0	0.0	0.0	0.0	0.0	0.0	0.0	0.0	0.0	0.0	0.0	0.0	0.0	0.0	0.0	0.0	2.28388	0.0	0.0	0.0	0.0	0.0
Peptoniphilus_timonensis	0.0	0.0	0.0	0.0	0.0	0.0	0.0	0.0	0.0	0.0	0.18954	0.0	0.0	0.0	0.0	0.0	0.0	0.23801	0.14864	0.0	0.0	0.0	0.0	0.0	0.0	0.0	0.0	0.0	0.0	0.0	0.0	0.0	0.0	0.0	0.0	0.0	0.0	0.0	0.0	0.0	0.0	0.0	0.0	0.0	0.0	0.0	0.0	0.0	0.0
Bacteroides_pectinophilus	0.0	0.0	0.0	0.0	0.0	0.0	0.0	0.0	0.0	0.0	0.0	0.0	0.0	0.0	0.36609	0.0	0.0	0.0	0.0	0.0	0.0	0.0	0.0	0.0	0.0	1.47101	2.03607	0.0	0.0	0.0	0.0	0.0	0.0	0.0	0.0	0.0	0.0	0.0	0.0	0.0	0.0	0.0	0.0	0.0	7.26785	0.0	0.0	0.0	0.0
Flavonifractor_plautii	0.0	0.0	0.0	0.0	0.0	0.0	0.0	0.0	0.0	0.0	0.0	0.0	0.0	0.0	0.0	0.0	0.0	0.0	0.0	0.0	0.0	0.0	0.0	0.0	0.0	0.0	0.0	0.0	0.0	0.0	0.0	0.0	0.0	0.0	0.0	0.0	0.0	0.0	0.08585	0.0	0.0	0.0	0.0	0.0	0.0	0.0	0.0	0.0	0.0
Eubacterium_eligens	0.0	0.0	0.0	0.0	0.0	0.18763	0.0	0.0	0.05924	0.0201	0.0	0.0	0.0	0.0	0.0	5.89526	0.0	0.08996	0.95237	0.0	0.0	0.01985	0.0	0.0	0.25051	0.37411	1.25918	0.0	0.0	0.0	0.0	0.0	0.0	0.0	0.0	0.0	0.0	0.0257	0.56005	0.0	0.04224	1.37188	0.0	0.0	0.0	0.0	0.0	0.0	0.0
Eubacterium_hallii	0.0	0.0	0.19747	0.0	0.0	0.37218	0.0	0.0	0.01057	0.0	0.0	0.0	0.0	0.0	0.0	0.0	0.0	0.0	0.18553	0.0	0.0	0.14615	0.0	0.0	0.0	0.14882	0.3554	0.0	0.0	0.0	0.0	0.0	0.0	0.0	0.0	0.05005	0.0	0.0155	0.0	0.0	0.0	0.0	0.0	0.0	0.0	0.0	0.0	0.0	0.0
Eubacterium_limosum	0.0	0.0	0.0	0.0	0.0	0.0	0.0	0.0	0.0	0.0	0.0	0.0	0.0	0.0	0.0	0.0	0.0	0.0	0.0	0.0	0.0	0.0	0.0	0.0	0.0	0.0	0.0	0.0	0.0	0.0	0.0	0.0	0.0	0.0	0.0	0.0	0.0	0.0	0.0	0.0	0.00059	0.0	0.0	0.0	0.0	0.0	0.0	0.0	0.0
Eubacterium_ramulus	0.0	0.0	0.0	0.0	0.0	0.09141	0.0	0.0	0.0	0.0	0.0	0.0	0.0	0.0	0.0	0.0	0.0	0.0	0.0	0.0	0.0	0.06235	0.0	0.0	0.0	0.0	0.02166	0.0	0.0	0.0	0.0	0.0	0.0	0.0	0.0	0.0	0.0	0.03101	0.19658	0.0	0.0	0.0	0.0	0.0	0.01398	0.0	0.0	0.0	0.0
Eubacterium_rectale	6.13915	4.37917	4.85466	0.0	0.0	2.83979	0.0	0.0	3.02102	2.87145	0.0	0.0	0.0	0.25275	8.01169	1.02484	0.0	1.79681	8.96632	10.49915	0.0	0.74565	0.0	0.0	4.78618	5.24521	1.4768	0.0	0.0	0.02438	0.00278	0.0	0.0	0.0	0.0	1.71059	0.0	3.514	0.0	0.0	1.53141	0.0	0.0	9.99558	0.26576	0.0	28.00158	0.0	0.0
Eubacterium_siraeum	0.0	0.0	0.0	0.0	0.0	0.0	0.0	0.0	0.0	0.0	0.0	0.0	0.0	0.0	2.02562	0.0	0.0	0.0	0.0	0.0	0.0	0.0	0.0	0.0	0.0	0.14326	0.08912	0.0	0.0	0.0	0.0	0.0	0.0	0.0	0.0	0.0	0.0	0.0	0.0	0.0	0.03794	0.0	0.0	0.0	0.0	0.0	0.0	0.0	0.0
Anaerostipes_hadrus	0.0	0.0	0.0	0.0	0.0	0.15073	0.0	0.0	0.0	0.0	0.0	0.0	0.0	0.0	0.0	0.0	0.0	0.0	0.0	0.0	0.0	0.0	0.0	0.0	0.0	0.0	0.0	0.0	0.0	0.0	0.0	0.0	0.0	0.0	0.0	0.0	0.0	0.0	0.0	0.0	0.0	0.0	0.0	0.0	0.53276	0.0	0.0	0.0	0.0
Blautia_producta	0.0	0.0	0.0	1.02322	0.0	0.0	0.0	0.0	0.0	0.0	0.0	0.0	0.0	0.0	0.0	0.0	0.0	0.0	0.0	0.0	0.0	0.0	0.0	0.0	0.0	0.0	0.0	0.0	0.0	0.0	0.0	0.0	0.0	0.0	0.0	0.0	0.0	0.0	0.0	0.0	0.0	0.0	0.0	0.0	0.0	0.0	0.0	0.0	0.0
Ruminococcus_gnavus	0.0	0.0	0.13598	5.89777	0.0	0.0	0.0	0.0	0.04032	0.4485	0.0	0.0	0.0	0.0	0.0	0.0	0.0	0.0	0.0	0.0	0.0	0.0	0.0	0.0	0.0	0.0	0.0	0.0	0.0	0.0	2.66621	0.0	0.0	0.0	0.0	0.0	0.0	0.0	0.07933	0.0	0.02304	3.27329	0.0	0.0	0.0	0.0	0.0	0.0	0.0
Ruminococcus_obeum	0.0	0.0	0.0	0.0	0.0	0.2167	0.0	0.0	0.02928	0.21897	0.0	0.0	0.0	0.0	0.0	0.0	0.24808	0.06337	0.26054	0.0	0.0	0.0199	0.0	0.0	0.00352	0.1666	0.321	0.0	0.0	0.0	0.0	0.0	0.0	0.0	0.0	0.30878	0.0	0.01691	0.14148	0.0	0.01177	0.0	0.0	0.00902	0.08431	0.0	0.0	0.0	0.0
Ruminococcus_torques	2.7087	0.0	0.3498	0.2825	0.0	0.0	0.0	0.0	0.47418	0.0	0.0	0.0	0.0	0.0	0.0	0.0	0.0	0.29034	0.14675	0.29947	0.0	0.06367	39.78638	0.0	0.80308	0.09672	0.36156	0.0	0.0	0.0	0.11257	0.0	0.0	0.0	0.0	0.0	0.0	0.0	0.09845	0.0	0.01963	0.09865	0.0	0.12351	0.85474	0.0	0.0	0.29681	0.0
Butyrivibrio_crossotus	0.0	0.0	0.0	0.0	0.0	0.0	0.0	0.0	0.0	0.0	0.0	0.0	0.0	0.0	0.0	0.0	0.0	0.0	0.0	0.0	0.0	0.0	0.0	0.0	0.0	0.0	0.3537	0.0	0.0	0.0	0.0	0.0	0.0	0.0	0.0	0.0	0.0	0.0	0.0	0.0	0.0	0.0	0.0	0.0	0.0	0.0	0.0	0.0	0.0
Coprococcus_catus	0.06672	0.0	0.0	0.0	0.0	0.54725	0.0	0.0	0.02151	0.05321	0.0064	0.0	0.0	0.0	0.0	0.0	0.35595	0.03068	0.20158	0.0	0.0	0.31247	0.0	0.0	0.25727	0.02158	0.14832	0.0	0.0	0.0	0.90533	0.0	0.0	0.0	0.0	1.12245	0.0	0.01148	0.2901	0.0	0.0	0.0	0.0	0.0	0.0	0.0	0.0	0.0	0.0
Coprococcus_comes	0.00595	0.0	0.0	0.0	0.0	0.0932	0.0	0.0	0.0	0.0	0.0	0.0	0.0	0.0	0.0	0.0	0.0	0.05744	0.1123	0.0	0.0	0.14284	0.0	0.0	0.94311	0.09815	0.02971	0.0	0.0	0.0	0.0	0.0	0.0	0.0	0.0	0.0	0.0	0.0	0.0	0.0	0.0	0.0	0.0	0.07868	0.0	0.0	0.0	0.0	0.0
Coprococcus_eutactus	0.0	0.0	0.0	0.0	0.0	0.0	0.0	0.0	0.0	0.0	0.0	0.0	0.0	0.0	0.0285	0.0	0.0	0.0	0.0	0.0	0.0	0.0	0.0	0.0	0.0	0.0	0.00669	0.0	0.0	0.0	0.0	0.0	0.0	0.0	0.0	0.0	0.0	0.0	0.0	0.0	0.0	0.0	0.0	0.0	0.0	0.0	0.0	0.0	0.0
Dorea_formicigenerans	0.71743	0.25598	0.03742	0.0	0.0	0.25736	0.0	0.0	0.16939	0.19069	0.0	0.0	0.0	0.0	0.0	0.65895	1.39119	0.01366	0.40223	0.03127	0.0	0.74541	0.0	0.0	0.46236	0.13688	0.78457	0.0	0.0	0.0	0.06437	0.0	0.0	0.0	0.0	3.6145	0.0	0.17849	0.0	0.0	0.0	0.0	0.0	0.25575	0.87055	0.0	0.25445	0.10409	0.0
Dorea_longicatena	0.66352	0.13055	0.05631	0.0	0.0	0.47549	0.0	0.0	0.04382	0.29746	0.0	0.0	0.0	0.0	0.0	0.12431	0.46472	0.05222	0.84417	0.0	0.0	0.0	0.0	0.0	1.32696	0.3117	0.88029	0.0	0.0	0.0	0.04147	0.0	0.0	0.0	0.0	0.13424	0.38923	0.15103	0.37318	0.0	0.0	0.0	0.0	0.04179	0.01359	0.0	0.0	0.04148	0.0
Dorea_unclassified	0.0	0.11534	0.0	0.0	0.0	0.03008	0.0	0.0	0.10063	0.0	0.03767	0.0	0.0	0.0647	1.5538	0.88778	0.75182	0.10075	0.0	0.17009	0.0	0.0	0.0	0.0	0.0	0.2204	0.0	0.0	0.0	0.0	0.38018	0.0	0.0	0.0	0.0	0.0	0.89534	0.20208	0.04891	0.0	0.0	0.0	0.0	0.06644	0.1903	0.03158	0.0	0.00236	0.0
Lachnospiraceae_bacterium_2_1_58FAA	0.0	0.0	0.0	0.0	0.0	0.0	0.0	0.0	0.0	0.0	0.0	0.0	0.0	0.0	0.0	0.0	0.0	0.0	0.06087	0.0	0.0	0.0	0.0	0.0	0.0	0.0	0.0	0.0	0.0	0.0	0.0	0.0	0.0	0.0	0.0	0.0	0.0	0.0	0.0	0.0	0.00884	0.0	0.0	0.0	0.0	0.0	0.0	0.0	0.0
Lachnospiraceae_bacterium_3_1_46FAA	0.0	0.0	0.0	0.0	0.0	0.0	0.0	0.0	0.0	0.0	0.0	0.0	0.0	0.0	0.0	0.0	0.0	0.0	0.0	0.0	0.0	0.0	0.0	0.0	0.0	0.0	0.0	0.0	0.0	0.0	0.0	0.0	0.0	0.0	0.0	0.0	0.0	0.0	0.0	0.0	0.0	0.0	0.0	0.0	0.0	0.0	0.0	0.01998	0.0
Lachnospiraceae_bacterium_5_1_63FAA	0.0	0.0	0.0	0.0	0.0	0.01122	0.0	0.0	0.0	0.0	0.0	0.0	0.0	0.0	0.0	0.0	0.0	0.0	0.0	0.0	0.0	0.0	0.0	0.0	0.0	0.0	0.0	0.0	0.0	0.0	0.0	0.0	0.0	0.0	0.0	0.0	0.0	0.0	0.0	0.0	0.0	0.0	0.0	0.0	0.71483	0.0	0.0	0.0	0.0
Lachnospiraceae_bacterium_8_1_57FAA	0.0	0.0	0.0	0.0	0.0	0.0	0.0	0.0	0.0	0.0	0.0	0.0	0.0	0.0	0.0	0.0	0.0	0.0	0.0	0.0	0.0	0.0	0.0	0.0	0.13005	0.0	0.0	0.0	0.0	0.0	0.0	0.0	0.0	0.0	0.0	0.0	0.0	0.0	0.0	0.0	0.0	0.0	0.0	0.0	0.0	0.0	0.0	0.0	0.0
Oribacterium_sinus	0.0	0.0	0.0	0.0	0.0	0.0	0.0	0.0	0.0	0.0	0.0	0.0	0.0	0.0	0.0	0.0	0.0	0.0	0.0	0.0	0.0	0.0	0.0	0.0	0.0	0.0	0.0	0.0	0.0	0.0	0.0	0.0	0.0	0.0	0.0	0.0	0.0	0.0	0.0	0.0	0.0	0.0	0.0	0.0	0.0	0.0	0.0	0.00685	0.03703
Roseburia_hominis	0.0	0.0	0.0	0.0	0.0	0.0	0.0	0.0	0.0	1.32827	0.0	0.0	0.0	0.0	0.0	0.0	0.0	0.0	0.0	0.0	0.0	0.0	0.0	0.0	0.2253	0.08213	0.0	0.0	0.0	0.0	0.0	0.0	0.0	0.0	0.0	3.39905	0.0	0.00122	0.0	0.0	0.0	0.0	0.0	0.0	3.72402	0.0	0.0	0.0	0.0
Roseburia_intestinalis	0.0	0.0	0.0	0.0	0.0	0.0649	0.0	0.0	0.0	0.0	0.0	0.0	0.0	0.0	0.0	0.0	0.0	0.0	0.0	0.0	0.0	0.0	0.0	0.0	0.0	0.01719	0.43459	0.0	0.0	0.0	0.0	0.0	0.0	0.0	0.0	0.0	0.0	0.0	0.0	0.0	0.0	0.0	0.0	0.0	0.0	0.0	0.0	0.0	0.0
Roseburia_inulinivorans	1.03251	0.0	0.01048	0.0	0.0	0.03098	0.0	0.0	0.94293	0.03883	0.0	0.0	0.0	1.26977	0.0	12.47164	27.37067	0.06462	1.97298	0.0	0.0	0.02519	1.18368	0.0	0.11737	0.0	1.68816	0.0	0.0	0.0	0.0	0.0	0.0	0.0	0.0	0.03226	0.0	0.03075	0.25149	0.0	0.11861	0.00217	0.0	0.05711	0.10971	0.01245	0.2487	0.0	0.0
Roseburia_unclassified	0.0	0.03052	0.23223	0.0	0.0	0.00978	0.0	0.0	0.0	0.0	0.0	0.0	0.0	0.0	0.0936	0.0	0.0	0.14524	0.0	0.0	0.0	0.06811	0.0	0.0	0.0	0.15996	0.0	0.0	0.0	0.0	0.0	0.0	0.0	0.0	0.0	0.0	0.0	0.02327	0.0	0.0	0.0	0.0	0.0	0.0	0.0	0.0	0.0	0.0	0.0
Oscillibacter_unclassified	0.0	0.0	0.0	0.0	0.0	0.0	0.0	0.0	0.0	0.0	0.0	0.0	0.0	0.0	0.0	0.0	0.0	0.0	0.0	0.0	0.0	0.0	0.0	0.0	0.0	0.0	0.01196	0.0	0.0	0.0	0.0	0.0	0.0	0.0	0.0	0.00231	0.0	0.0	0.0	0.0	0.0	0.0	0.0	0.0	0.0	0.0	0.0	0.0	0.0
Clostridium_bartlettii	0.0	0.0	0.0	0.0	0.0	0.47577	0.0	0.0	0.10741	0.0	0.0	0.0	0.0	0.0	0.0	0.0	0.0	0.0	0.0	0.0	0.0	0.0	0.0	0.0	0.0	0.35279	0.07792	0.0	0.0	0.0	0.0	0.0	0.0	0.0	0.0	0.0	0.0	0.0	0.07364	0.0	0.0	0.00719	0.0	0.0	0.0	0.0	0.0	0.0	0.0
Clostridium_difficile	0.0	0.0	0.0	0.15779	0.0	0.0	0.0	0.0	0.0	0.0	0.0	0.0	0.0	0.0	0.0	0.0	0.0	0.0	0.0	0.0	0.0	0.0	0.0	0.0	0.0	0.0	0.0	0.0	0.0	0.0	0.0	0.0	0.0	0.0	0.0	0.0	0.0	0.0	0.0	0.0	0.00599	0.0	0.0	0.0	0.0	0.0	0.0	0.0	0.0
Peptostreptococcaceae_noname_unclassified	0.0	0.0	0.0	0.54384	0.0	0.61565	0.0	0.0	0.08887	0.0	0.0	0.0	0.0	0.76499	1.20011	0.0	0.0	0.0	0.0	0.0	0.0	0.07906	0.0	0.0	0.0	0.0	0.07174	0.0	0.0	0.0	0.0	0.0	0.0	0.0	0.0	0.0	0.0	0.0	0.0	0.0	0.0	0.0	0.0	0.0	0.0	0.0	0.0	0.0	0.0
Peptostreptococcus_anaerobius	0.0	0.30165	0.0	0.0	0.0	0.0	0.0	0.0	0.08321	0.0	0.0	0.0	0.0	0.0	0.0	0.0	0.0	0.12177	0.0	0.0	0.0	0.0	0.0	0.0	0.0	0.0	0.0	0.0	0.0	0.0	0.0	0.0	0.0	0.0	0.0	0.0	0.0	0.20438	0.0	0.0	0.0	0.0	0.0	0.0	0.0	0.0	0.0	0.0	0.0
Faecalibacterium_prausnitzii	4.85674	0.77061	2.36877	0.0	0.0	3.97213	0.0	0.0	2.31889	2.16426	0.39995	0.0	0.00203	1.57983	4.86518	1.90594	5.37854	1.34859	6.96777	1.19258	0.0	1.05982	0.0	3.71092	8.59951	7.94797	12.23289	0.0	0.0	0.0	8.53759	0.0	0.0	0.0	0.0	2.33073	4.41747	0.70695	1.97996	0.0	0.0	0.01897	0.0	1.45442	8.34159	0.17004	3.13615	7.62585	0.0
Ruminococcus_albus	0.0	0.0	0.0	0.0	0.0	0.0	0.0	0.0	0.0	0.0	0.0	0.0	0.0	0.0	0.0	0.0	0.0	0.0	0.0	0.0	0.0	0.0	0.0	0.0	0.0	0.0	0.0	0.0	0.0	0.0	0.0	0.0	0.0	0.0	0.0	0.0	0.0	0.0	0.0	0.0	0.0	0.0	0.0	0.0	0.0	0.0	0.0	0.00034	0.0
Ruminococcus_bromii	0.0	0.0	5.24531	0.0	0.0	0.38949	0.0	0.0	0.0	0.0	0.0	0.0	0.0	0.0	1.20442	0.0	0.0	3.82301	8.18849	0.0	0.0	0.0	0.0	0.0	0.48709	0.0	0.5246	0.0	0.0	0.0	0.0	0.0	0.0	0.0	0.0	0.19009	0.0	0.0	0.0	0.0	0.0	0.0	0.0	0.03971	0.0	0.0	0.0	0.0	0.0
Ruminococcus_callidus	0.0	0.0	0.0	0.0	0.0	0.0	0.0	0.0	0.01592	0.20188	0.0	0.0	0.0	0.0	0.0	0.0	0.0	0.06421	0.10322	0.0	0.0	0.0	0.0	0.0	0.0	0.05225	0.03475	0.0	0.0	0.0	0.0	0.0	0.0	0.0	0.0	0.0	0.0	0.0	0.0	0.0	0.0	0.0	0.0	0.0	0.0	0.0	0.0	0.0	0.0
Subdoligranulum_unclassified	0.0	0.03947	2.58838	0.1742	0.0	0.78281	0.0	0.0	0.38986	0.81492	0.0	0.0	0.0	1.51942	0.89386	0.0	0.05314	0.26855	1.04067	0.36932	0.0	0.54961	0.0	3.42502	2.29917	0.89463	1.15189	0.0	0.0	0.0	0.0	0.0	0.0	0.0	0.0	0.60971	0.26481	0.09426	0.15177	0.0	0.03026	0.06844	0.0	0.03808	3.48136	0.267	0.0	0.0	0.0
Catenibacterium_mitsuokai	0.34551	0.58381	0.0	0.0	0.0	0.24949	0.0	0.0	0.45967	0.30406	0.02349	0.0	0.0	1.46283	0.60689	0.65306	0.0	0.37261	2.39152	1.0681	0.0	2.22136	0.0	0.0	5.34849	1.02411	2.81661	0.0	0.0	0.0	0.0	0.0	0.0	0.0	0.0	0.10943	0.47878	0.59014	0.0	0.0	0.0	0.0	0.0	0.83526	0.0	0.0	0.71983	0.0	0.0
Coprobacillus_unclassified	0.0	0.0	0.0	0.0	0.0	0.0	0.0	0.0	0.0	0.0	0.0215	0.0	0.0	0.0	0.0	0.0	0.0	0.0	0.0	0.0	0.0	0.0	0.0	0.0	0.0	0.0	0.0	0.0	0.0	0.0	0.0	0.0	0.0	0.0	0.0	0.0	0.0	0.0	0.61137	0.0	0.08581	0.3349	0.0	0.0	0.20134	0.0	0.0	0.01381	0.0
Clostridium_innocuum	0.0	0.0	0.0	0.0	0.0	0.0	0.0	0.0	0.0	0.0	0.0	0.0	0.0	0.0	0.0	0.0	0.0	0.0	0.0	0.0	0.0	0.0	0.0	0.0	0.0	0.0	0.0	0.0	0.0	0.0	0.0	0.0	0.0	0.0	0.0	0.0	0.0	0.0	0.02234	0.0	0.0	0.0	0.0	0.0	0.0	0.0	0.0	0.0	0.0
Clostridium_ramosum	0.0	0.0	0.0	0.0	0.0	0.0	0.0	0.0	0.0	0.0	0.0	0.0	0.0	0.0	0.0	0.0	0.0	0.0	0.0	0.0	0.0	0.0	0.0	0.0	0.0	0.0	0.0	0.0	0.0	0.0	0.0	0.0	0.0	0.0	0.0	0.0	0.0	0.0	0.33554	0.0	0.00792	0.11649	0.0	0.0	0.04692	0.0	0.0	0.00056	0.0
Erysipelotrichaceae_bacterium_21_3	0.0	0.0	0.0	0.97133	0.0	0.0	0.0	0.0	0.0	0.0	0.0	0.0	0.0	0.0	0.0	0.0	0.0	0.0	0.0	0.0	0.0	0.0	0.0	0.0	0.0	0.0	0.0	0.0	0.0	0.0	0.0	0.0	0.0	0.0	0.0	0.0	0.0	0.0	0.0	0.0	0.0	0.03047	0.0	0.0	0.0	0.0	0.0	0.0	0.0
Erysipelotrichaceae_bacterium_2_2_44A	0.0	0.0	0.0	0.14644	0.0	0.0	0.0	0.0	0.0	0.0	0.0	0.0	0.0	0.10514	0.0	0.0	0.0	0.0	0.0	0.0	0.0	0.0	0.0	0.0	0.0	0.0	0.0	0.0	0.0	0.0	0.0	0.0	0.0	0.0	0.0	0.0	0.0	0.0	0.0	0.0	0.0	0.0	0.0	0.0	0.0	0.0	0.0	0.0	0.0
Eubacterium_biforme	0.53096	0.11736	0.0	0.0	0.0	0.78274	0.0	0.0	0.36337	0.42711	0.0	0.0	0.0	0.92221	1.37903	1.20154	0.0101	0.75476	1.26672	0.0	0.0	0.40545	0.0	0.0	1.92716	0.35601	1.54288	0.0	0.0	0.0	0.0	0.0	0.0	0.0	0.0	0.22896	2.93398	0.0925	0.01498	0.0	0.0	0.0	0.0	0.0	0.0	0.0	0.67002	0.10025	0.0
Acidaminococcus_fermentans	0.0	0.06371	0.0	0.0	0.0	0.0	0.0	0.0	0.0	0.0	0.0	0.0	0.0	0.0	0.0	0.0	0.0	0.0	0.0	0.0	0.0	0.0	0.0	0.0	0.0	0.0	0.0	0.0	0.0	0.0	0.0	0.0	0.0	0.0	0.0	0.0	0.0	0.04363	0.0	0.0	0.64047	0.0	0.0	0.0	0.0	0.0	0.0	0.0	0.0
Acidaminococcus_intestini	0.0	0.35264	0.0	0.0	0.0	0.0	0.0	0.0	0.01963	0.0	0.0	0.0	0.0	0.03451	0.0	0.0	0.0	0.0	0.0	0.0	0.0	0.0	0.0	0.0	0.0	0.0451	0.05363	0.0	0.0	0.0	0.0	0.0	0.0	0.0	0.0	0.0	0.0	0.23021	0.0	0.0	0.0	0.0	0.0	0.0	0.0	0.0	0.20919	0.0	0.0
Acidaminococcus_sp_BV3L6	0.0	0.0	0.0	0.0	0.0	0.0	0.0	0.0	0.0	0.0	0.0	0.0	0.0	0.0	0.0	0.0	0.0	0.0	0.0	0.0	0.0	0.0	0.0	0.0	0.0	0.0	0.0	0.0	0.0	0.0	0.0	0.0	0.0	0.0	0.0	0.0	0.0	0.0	0.0	0.0	4.30733	0.0	0.0	0.0	0.0	0.0	0.0	0.0	0.0
Acidaminococcus_unclassified	0.0	0.0	0.0	0.0	0.0	0.0	0.0	0.0	0.46236	0.0	0.0	0.0	0.0	0.0	0.0	0.0	0.0	0.0	0.0	0.0	0.0	0.0	0.0	0.0	0.0	0.0	0.0	0.0	0.0	0.0	0.0	0.0	0.0	0.0	0.0	0.0	0.0	0.0	0.0	0.0	0.55147	0.0	0.0	0.0	0.0	0.0	0.0	0.0	0.0
Phascolarctobacterium_succinatutens	0.04901	0.0	0.0	0.0	0.0	0.0	0.0	0.0	0.0	0.0	0.0	0.0	0.0	0.0	0.0	0.0	0.00755	0.4162	0.0929	1.66592	0.0	0.0	0.0	0.0	1.26595	0.20624	1.38227	0.0	0.0	0.0	0.0	0.0	0.0	0.0	0.0	0.49335	0.61909	0.0	0.0	0.0	0.0	0.0	0.0	2.06507	2.22509	0.0	0.0	0.0	0.0
Anaeroglobus_geminatus	0.0	0.0	0.0	0.0	0.0	0.0	0.0	0.0	0.0	0.0	0.0	0.0	0.0	0.0	0.0	0.0	0.0	0.0	0.0	0.0	0.0	0.0	0.0	0.0	0.0	0.0	0.0	0.0	0.0	0.0	0.0	0.0	0.0	0.0	0.0	0.0	0.0	0.03829	0.0	0.0	0.0	0.0	0.0	0.0	0.0	0.0	0.0	0.0	0.0
Dialister_invisus	0.0	0.0	0.3937	0.0	0.0	0.0	0.0	0.0	0.0	6.10585	0.0	0.0	0.0	0.0	0.0	0.0	0.0	0.0	0.0	0.0	0.0	0.0	0.0	0.0	0.0	0.0	0.0	0.0	0.0	0.0	0.0	0.0	0.0	0.0	0.0	0.0	0.0	0.0	0.0	0.0	0.0	0.0	0.0	0.0	0.0	0.0	0.0	0.0	0.0
Dialister_micraerophilus	0.0	0.0	0.0	0.0	0.0	0.0	0.0	0.0	0.0	0.0	0.0	0.0	0.0	0.0	0.0	0.0	0.0	0.05674	0.0	0.0	0.0	0.0	0.0	0.0	0.0	0.0	0.0	0.0	0.0	0.0	0.0	0.0	0.0	0.0	0.0	0.0	0.0	0.0	0.0	0.0	0.0	0.0	0.0	0.0	0.0	0.0	0.0	0.0	0.0
Dialister_succinatiphilus	0.0	0.0	2.67277	0.0	0.0	0.0	0.0	0.0	0.0	0.0	0.0	0.0	0.0	0.0	0.0	0.0	0.0	0.0	0.0	0.0	0.0	7.02832	0.0	0.0	0.0	0.0	0.0	0.0	0.0	0.0	0.0	0.0	0.0	0.0	0.0	0.0	0.0	0.0	0.0	0.0	0.0	0.0	0.0	0.0	0.0	0.0	0.0	0.0	0.0
Megamonas_funiformis	0.0	0.0	0.0	0.0	0.0	0.57836	0.0	0.0	0.0	0.0	0.0	0.0	0.0	0.0	0.0	0.0	0.0	0.0	0.0	0.0	0.0	0.0	0.0	0.0	0.0	0.0	0.0	0.0	0.0	0.0	0.0	0.0	0.0	0.0	0.0	0.0	0.0	0.0	0.0	0.0	0.0	0.0	0.0	0.0	0.0	0.0	0.0	0.0	0.0
Megamonas_hypermegale	0.0	0.0	0.0	0.0	0.0	0.13975	0.0	0.0	0.0	0.0	0.0	0.0	0.0	0.0	0.0	0.0	0.0	0.0	0.0	0.0	0.0	0.0	0.0	0.0	0.0	0.0	0.0	0.0	0.0	0.0	0.0	0.0	0.0	0.0	0.0	0.01738	0.0	0.0	0.0	0.0	0.0125	0.0	0.0	0.0	0.0	0.0	0.30249	0.0	0.0
Megamonas_rupellensis	0.0	0.0	0.0	0.0	0.0	0.10691	0.0	0.0	0.0	0.0	0.0	0.0	0.0	0.0	0.0	0.0	0.0	0.0	0.0	0.0	0.0	0.0	0.0	0.0	0.0	0.0	0.0	0.0	0.0	0.0	0.0	0.0	0.0	0.0	0.0	0.0	0.0	0.0	0.0	0.0	0.0005	0.0	0.0	0.0	0.0	0.0	0.0	0.0	0.0
Megamonas_unclassified	0.0	0.0	0.1448	0.0	0.0	3.83084	0.0	0.0	0.04222	0.0	0.0	0.0	0.0	0.0	0.0	0.0	0.0	0.0	0.0	0.0	0.0	0.0	0.0	0.0	0.0	0.0	0.0	0.0	0.0	0.0	0.0	0.0	0.0	0.0	0.0	0.20787	0.0	0.0	0.0	0.0	0.04826	0.0	0.0	0.0	0.0	0.0	0.74964	0.0	0.0
Megasphaera_elsdenii	0.0	1.09115	0.0	0.0	0.0	0.0	0.0	0.0	0.03315	0.0	0.0	0.0	0.0	0.07198	0.0	0.0	0.0	0.0	0.0	0.0	0.0	0.0	0.0	0.0	0.12474	0.04638	0.0	0.0	0.0	0.0	0.0	0.0	0.0	0.0	0.0	0.0	0.0	0.68964	0.0	0.0	0.0	0.0	0.0	0.00322	0.0	0.0	0.38474	0.0	0.0
Megasphaera_micronuciformis	0.0	0.0	1.20319	0.0	0.0	0.0	0.0	0.0	0.0	0.13358	0.0	0.0	0.0	0.0	0.0	0.0	0.0	0.0	0.0	0.0	0.0	0.62267	0.0	0.0	0.0	0.0	0.0	0.0	0.0	0.0	0.0	0.0	0.0	0.0	0.0	0.0	0.0	0.02138	0.0	0.0	0.4634	0.0	0.0	0.0	0.0	0.0	0.0	0.0	0.07461
Megasphaera_unclassified	0.0	0.8775	0.0	0.0	0.0	0.0	0.0	0.0	2.20676	0.0	0.0	0.0	0.0	4.40429	0.0	0.0	0.0	0.0	0.15442	1.01839	0.0	0.0	0.0	0.0	1.01365	0.44946	0.0	0.0	0.0	0.0	0.0	0.0	0.0	0.0	0.0	0.0	0.0	0.87741	0.22518	0.0	0.84543	0.03964	0.0	0.65063	0.13689	0.0	2.47038	0.0	0.0
Mitsuokella_multacida	0.0	0.04535	0.0	0.0	0.0	0.0	0.0	0.0	1.08963	0.0	0.0	0.0	0.0	0.61379	0.0	0.0	0.0	0.0	0.1103	0.0	0.0	0.0	0.0	0.0	0.269	0.28937	0.0	0.0	0.0	0.0	0.0	0.0	0.0	0.0	0.0	0.0	0.0	0.11046	0.0	0.0	0.0	0.0	0.0	0.0	0.0	0.0	0.35391	0.0	0.0
Mitsuokella_unclassified	0.0	0.03585	0.0	0.0	0.0	0.0	0.0	0.0	0.11354	0.0	0.0	0.0	0.0	0.0	0.0	0.0	0.0	0.0	0.35516	0.0	0.0	0.0	0.0	0.0	0.16766	0.81501	0.1529	0.0	0.0	0.0	0.0	0.0	0.0	0.0	0.0	0.0	0.0	0.45643	0.0	0.0	0.0	0.0	0.0	0.0	0.0	0.0	1.16491	0.0	0.0
Selenomonas_bovis	0.0	0.0	0.0	0.0	0.0	0.0	0.0	0.0	0.0	0.0	0.0	0.0	0.0	0.0	0.0	0.0	0.0	0.0	0.0	0.0	0.0	0.0	0.0	0.0	0.0	1.16151	0.0	0.0	0.0	0.0	0.0	0.0	0.0	0.0	0.0	0.0	0.0	0.0	0.0	0.0	0.0	0.0	0.0	0.0	0.0	0.0	0.0	0.0	0.0
Veillonella_atypica	2.96925	0.21443	0.0	0.0	0.9497	0.0	0.0	0.0	0.0	0.1308	0.0	0.13936	0.0	0.0	0.0	0.0	0.0	0.0	0.0	0.0	0.0	0.23546	0.0	0.0	0.0	0.0	0.0	0.0	0.0	0.0	0.0	0.0	0.0	0.0	0.0	0.08016	0.0	0.15545	0.0	0.0	0.01166	0.0	0.0	0.0	0.0	0.0	0.0	0.0277	0.10352
Veillonella_dispar	0.22083	0.10531	0.0	0.0	0.3001	0.0	0.0	0.0	0.0	0.0	0.0	0.34858	0.0	0.0	0.0	0.0	0.0	0.0	0.0	0.0	0.0	0.11877	0.0	0.0	0.0	0.0	0.0	0.0	0.0	0.0	0.0	0.0	0.0	0.0	0.0	0.031	0.0	0.06495	0.0	0.0	0.0	0.0	0.0	0.0	0.0	0.0	0.0	0.13388	0.40777
Veillonella_parvula	1.18905	0.2639	0.0	0.0	0.07817	0.0	0.0	0.0	0.07131	0.19045	0.0	0.75637	0.0	0.0	0.0	0.0	0.0	0.0	0.0	0.0	0.0	1.26584	0.0	0.0	0.17064	0.0079	0.05652	0.0	0.0	0.0	0.0	0.0	0.0	0.0	0.0	0.14784	0.77852	0.20671	0.0	0.0	0.05198	0.0	0.0	0.01013	0.20387	0.0	0.15068	0.30455	0.4561
Veillonella_ratti	0.0	0.0	0.13774	0.60617	0.0	0.0	0.0	0.0	0.0	0.0	0.0	0.0	0.0	0.0	0.0	0.0	0.0	0.0	0.0	0.0	0.0	0.0	0.0	0.0	0.0	0.0	0.0	0.0	0.0	0.0	0.0	0.0	0.0	0.0	0.0	0.0	0.0	0.0	0.0	0.0	0.0	0.0	0.0	0.0	0.0	0.0	0.0	0.0	0.0
Veillonella_unclassified	0.55063	0.40473	0.0	0.22997	0.31129	0.14857	0.0	0.0	0.1041	0.16191	0.0	4.4341	0.0	0.0	0.0	0.0	0.05916	0.04024	0.0	0.0	0.0	2.27469	0.0	0.0	0.3083	0.0	0.15149	0.0	0.0	0.0	0.0	0.0	0.0	0.0	0.0	0.55656	1.00216	0.33655	0.0	0.0	0.03033	0.0	0.0	0.01258	0.0	0.0009	0.72356	2.59136	2.82968
Cetobacterium_somerae	0.0	0.0	0.0	0.0	0.0	0.5725	0.0	0.0	0.0	0.0	0.0	0.0	0.0	0.0	0.0	0.0	0.0	0.0	0.0	0.0	0.0	0.0	0.0	0.0	0.0	0.0	0.0	0.0	0.0	0.0	0.0	0.0	0.0	0.0	0.0	0.0	0.0	0.0	0.0	0.0	0.0	0.0	0.0	0.0	0.0	0.0	0.0	0.0	0.0
Fusobacterium_mortiferum	0.0	0.0	0.6999	0.0	0.0	0.0	0.0	0.0	0.04884	0.05291	0.05269	0.00201	0.0	0.0	0.0	0.0	0.0	0.0	0.0	0.0	0.0	0.0	0.0	0.0	0.0	0.0	0.0	0.0	0.88083	0.0	0.0	0.0	0.0	0.0	0.0	0.0	0.0	0.0	0.0	0.0	0.0	0.0	0.0	0.0	0.0	0.0	0.19993	0.0	0.0
Fusobacterium_nucleatum	0.0	0.24549	0.0	0.0	0.0	0.0	0.0	0.0	0.09013	0.81728	0.0	0.0	0.0	0.0	0.0	0.0	0.0	0.0	0.0	0.0	0.0	0.0	0.0	0.0	0.0	0.0	0.0	0.0	0.0	0.0	0.0	0.0	0.0	0.0	0.0	0.0	0.0	0.4256	0.0	0.0	0.79424	0.0	0.0	0.0	0.0	0.0	0.0	0.02698	0.00777
Fusobacterium_periodonticum	0.0	0.0	0.0	0.0	0.0	0.0	0.0	0.0	0.0	0.0	0.0	0.0	0.0	0.0	0.0	0.0	0.0	0.0	0.0	0.0	0.0	0.0	0.0	0.0	0.0	0.0	0.0	0.0	0.0	0.0	0.0	0.0	0.0	0.0	0.0	0.0	0.0	0.00757	0.0	0.0	0.0	0.0	0.0	0.0	0.0	0.0	0.0	0.0	0.0
Leptotrichia_unclassified	0.0	0.0	0.0	0.0	0.0	0.0	0.0	0.0	0.0	0.0	0.0	0.0	0.0	0.0	0.0	0.0	0.0	0.0	0.0	0.0	0.0	0.0	0.0	0.0	0.0	0.0	0.0	0.0	0.0	0.0	0.0	0.0	0.0	0.0	0.0	0.0	0.0	0.0	0.0	0.0	0.0	0.0	0.0	0.0	0.0	0.0	0.0	0.0	0.00121
Leptotrichia_wadei	0.0	0.0	0.0	0.0	0.0	0.0	0.0	0.0	0.0	0.0	0.0	0.01106	0.0	0.0	0.0	0.0	0.0	0.0	0.0	0.0	0.0	0.0	0.0	0.0	0.0	0.0	0.0	0.0	0.0	0.0	0.0	0.0	0.0	0.0	0.0	0.0	0.0	0.0	0.0	0.0	0.0	0.0	0.0	0.0	0.0	0.0	0.0	0.0	0.0
Brevundimonas_diminuta	0.0	0.0	0.0	0.0	0.0	0.0	0.0	0.0	0.0	0.0	0.0	0.0	0.0	0.0	0.0	0.0	0.0	0.0	0.0	0.0	0.0	0.0	0.0	0.0	0.0	0.0	0.0	0.0	0.0	0.0	0.0	0.0	0.0	0.0	0.0	0.0	0.0983	0.0	0.0	0.0	0.0	0.0	0.0	0.0	0.0	0.0	0.0	0.0	0.0
Burkholderiales_bacterium_1_1_47	0.0	0.0	0.0	0.0	0.0	0.0	0.0	0.0	0.0	0.09068	0.0	0.0	0.0	0.0	0.0	0.0	0.0	0.0	0.0	0.0	0.0	0.0	0.0	0.0	0.0	0.0	0.0	0.0	0.0	0.0	0.0	0.0	0.0	0.0	0.0	0.0	0.0	0.0	0.0	0.0	0.08745	0.0	0.0	0.0	0.0	0.0	0.0	0.0	0.0
Comamonas_testosteroni	0.0	0.0	0.0	0.0	0.0	0.0	0.0	0.0	0.0	0.0	0.0	0.0	0.0	0.0	0.0	0.0	0.0	0.0	0.0	0.0	0.0	0.0	0.0	0.0	0.0	0.0	0.0	0.0	0.0	0.0	0.48181	0.0	0.0	0.0	0.0	0.0	0.0	0.0	0.0	0.0	0.0	0.0	0.0	0.0	0.0	0.0	0.0	0.0	0.0
Comamonas_unclassified	0.0	0.0	0.0	0.0	0.0	0.0	0.0	0.0	0.0	0.0	0.0	0.0	0.0	0.0	0.0	0.0	0.0	0.0	0.0	0.0	0.0	0.0	0.0	0.0	0.0	0.0	0.0	0.0	0.0	0.0	0.10784	0.0	0.0	0.0	0.0	0.0	0.0	0.0	0.0	0.0	0.0	0.0	0.0	0.06932	0.0	0.0	0.0	0.0	0.0
Parasutterella_excrementihominis	0.0	0.0	0.0	0.0	0.0	0.0	0.0	0.0	0.0	0.28725	0.0	0.0	0.0	0.0	0.0	0.0	0.0	0.0	0.0	0.0	0.0	0.0	0.0	0.0	0.0	0.0	0.0	0.0	0.0	0.0	0.0	0.0	0.0	0.0	0.0	0.0	0.0	0.0	0.0	0.0	0.12149	0.0	0.0	0.0	0.0	0.0	0.0	0.0	0.0
Sutterella_wadsworthensis	0.0	0.0	0.0	0.0	0.0	0.0	0.0	0.0	0.10495	0.0	0.0	0.0	0.0	0.0	0.0	2.08297	0.69758	0.0	0.0	0.0	0.0	0.0	0.0	0.0	0.0	0.0	0.0	0.0	0.0	0.0134	21.16908	0.0	0.0	0.0	0.0	2.85787	0.0	0.01358	0.0	0.0	0.0	0.0	0.0	0.13564	1.17295	0.0	0.12427	4.57901	0.0
Neisseria_flavescens	0.0	0.0	0.0	0.0	0.0	0.0	0.0	0.0	0.0	0.0	0.0	0.02277	0.0	0.0	0.0	0.0	0.0	0.0	0.0	0.0	0.0	0.0	0.0	0.0	0.0	0.0	0.0	0.0	0.0	0.0	0.0	0.02094	0.0	0.0	0.0	0.08196	0.0	0.0	0.0	0.0	0.0	0.0	0.0	0.0	0.0	0.0	0.0	0.0	0.0678
Neisseria_lactamica	0.0	0.0	0.0	0.0	0.0	0.0	0.0	0.0	0.0	0.0	0.0	0.0	0.0	0.0	0.0	0.0	0.0	0.0	0.0	0.0	0.0	0.0	0.0	0.0	0.0	0.0	0.0	0.0	0.0	0.0	0.0	0.00176	0.0	0.0	0.0	0.0	0.0	0.0	0.0	0.0	0.0	0.0	0.0	0.0	0.0	0.0	0.0	0.0	0.0
Neisseria_macacae	0.0	0.0	0.0	0.0	0.0	0.0	0.0	0.0	0.0	0.0	0.0	0.0	0.0	0.0	0.0	0.0	0.0	0.0	0.0	0.0	0.0	0.0	0.0	0.0	0.0	0.0	0.0	0.0	0.0	0.0	0.0	9e-05	0.0	0.0	0.0	0.0	0.0	0.0	0.0	0.0	0.0	0.0	0.0	0.0	0.0	0.0	0.0	0.0	0.0
Neisseria_meningitidis	0.0	0.0	0.0	0.0	0.0	0.0	0.0	0.0	0.0	0.0	0.0	0.00462	0.0	0.0	0.0	0.0	0.0	0.0	0.0	0.0	0.0	0.0	0.0	0.0	0.0	0.0	0.0	0.0	0.0	0.0	0.0	0.0	0.0	0.0	0.0	0.0	0.0	0.0	0.0	0.0	0.0	0.0	0.0	0.0	0.0	0.0	0.0	0.00036	0.00891
Neisseria_sicca	0.0	0.0	0.0	0.0	0.0	0.0	0.0	0.0	0.0	0.0	0.0	0.0	0.0	0.0	0.0	0.0	0.0	0.0	0.0	0.0	0.0	0.0	0.0	0.0	0.0	0.0	0.0	0.0	0.0	0.0	0.0	0.01612	0.0	0.0	0.0	0.0	0.0	0.0	0.0	0.0	0.0	0.0	0.0	0.0	0.0	0.0	0.0	0.0	0.0
Neisseria_subflava	0.0	0.0	0.0	0.0	0.0	0.0	0.0	0.0	0.0	0.0	0.0	0.0	0.0	0.0	0.0	0.0	0.0	0.0	0.0	0.0	0.0	0.0	0.0	0.0	0.0	0.0	0.0	0.0	0.0	0.0	0.0	0.00059	0.0	0.0	0.0	0.0	0.0	0.0	0.0	0.0	0.0	0.0	0.0	0.0	0.0	0.0	0.0	0.0	0.0
Neisseria_unclassified	0.0	0.0	0.0	0.0	0.0	0.0	0.0	0.0	0.0	0.0	0.0	0.0	0.0	0.0	0.0	0.0	0.0	0.0	0.0	0.0	0.0	0.0	0.0	0.0	0.0	0.0	0.0	0.0	0.0	0.0	0.0	0.03991	0.0	0.0	0.0	0.08336	0.0	0.0	0.0	0.0	0.0	0.0	0.0	0.0	0.0	0.0	0.0	0.01337	0.02035
Bilophila_unclassified	0.0	0.0	0.0	0.0	0.0	0.0	0.0	0.0	0.0	0.10532	0.0	0.0	0.0	0.0	0.0	0.0	0.0	0.0	0.0	0.0	0.0	0.0	0.0	0.0	0.0	0.0	0.0	0.0	0.0	0.0	0.0	0.0	0.0	0.0	0.0	0.0	0.0	0.01345	0.0	0.0	0.04045	0.01102	0.0	0.0	0.0247	0.0	0.0	0.0	0.0
Desulfovibrio_desulfuricans	0.0	0.0	0.0	0.0	0.0	0.0	0.0	0.0	0.0	0.0	0.0	0.0	0.0	0.0	0.0	0.0	0.0	0.0	0.0	0.0	0.0	0.0	0.0	0.0	0.0	0.0	0.0	0.0	0.0	0.0	0.0	0.0	0.0	0.0	0.0	0.04836	0.0	0.0	0.0	0.0	0.0	0.0	0.0	0.0	0.0	0.0	0.0	0.0	0.0
Desulfovibrio_piger	0.0	0.0	0.0	0.0	0.0	0.0	0.0	0.0	0.0	0.0	0.0	0.0	0.0	0.0	0.0	0.0	0.0	0.0	0.0	0.0	0.0	0.0	0.0	0.0	0.0	0.0	0.0	0.0	0.0	0.0	0.0	0.0	0.0	0.0	0.0	0.14548	0.0	0.0	0.0	0.0	0.0	0.0	0.0	0.0	0.0	0.0	0.0	0.0	0.0
Lawsonia_intracellularis	0.0	0.0	0.0	0.0	0.0	0.0	0.0	0.0	0.0	0.0	0.0	0.0	0.0	0.0	0.0	0.0	0.0	0.0	0.0	0.0	0.0	0.0	0.0	0.0	0.0	0.0	0.0	0.0	0.0	0.00487	0.0	0.0	0.0	0.0	0.0	0.0	0.0	0.0	0.0	0.0	0.0	0.0	0.0	0.0	0.0	0.0	0.0	0.0	0.0
Arcobacter_butzleri	0.0	0.0	0.0	0.0	0.0	0.0	0.0	0.0	0.0	0.0	0.0	0.0	0.0	0.0	0.0	0.0	0.0	0.0	0.0	0.0	0.0	0.0	0.0	0.0	0.0	0.0	0.0	0.0	0.0	0.0	2.6377	0.0	0.0	0.0	0.0	0.0	0.0	0.0	0.0	0.0	0.0	0.0	0.0	0.0	0.0	0.0	0.0	0.0	0.0
Campylobacter_coli	8.98655	0.0	0.0	0.0	0.0	0.0	0.0	0.0	0.0	0.0	0.0	0.0	0.0	0.0	0.0	0.0	0.0	0.0	0.0	0.0	0.0	0.0	0.0	0.0	0.0	0.0	0.0	0.0	0.0	0.0	0.0	0.0	0.0	0.0	0.0	0.0	0.0	0.0	0.0	0.0	0.0	0.0	0.0	0.0	0.0	0.0	0.0	0.0	0.0
Campylobacter_hominis	4.53653	21.11799	0.0	0.0	0.0	0.0	0.0	0.0	16.42324	0.0	0.0	0.0	0.0	0.0	0.0	0.0	0.0	20.52557	21.49623	0.0	0.0	0.0	0.0	0.0	0.04097	0.0	0.0	0.0	0.0	0.0	0.0	0.0	0.0	0.0	0.0	0.0	0.0	25.34332	0.0	0.0	0.0	0.0	0.0	0.0	0.0	0.0	0.0	0.0	0.0
Campylobacter_jejuni	0.0	0.0	0.0	0.0	0.0	0.0	0.0	0.0	0.0	0.0	0.0	0.0	0.0	0.0	0.0	0.0	0.0	0.0	0.0	0.0	0.0	0.0	0.0	0.0	0.04871	0.0	0.0	0.0	0.0	0.12587	0.0	0.0	0.0	0.0	0.0	0.0	0.0	0.0	0.0	0.0	0.0	0.0	0.0	0.0	0.0	8.64761	0.0	0.0	0.0
Campylobacter_upsaliensis	1.56417	0.0	0.0	0.0	0.0	0.0	0.0	0.0	0.0	0.0	0.0	0.0	0.0	0.0	0.0	0.0	0.0	0.0	0.0	0.0	0.0	0.0	0.0	0.0	0.0	0.0	0.0	0.0	0.0	0.0	0.0	0.0	0.0	0.0	0.0	0.0	0.0	0.0	0.0	0.0	0.0	0.0	0.0	0.0	0.0	0.0	0.0	0.0	0.0
Campylobacter_ureolyticus	0.0	0.0	0.0	0.0	0.0	0.0	0.0	0.0	0.01098	0.0	0.0	0.0	0.0	1.82374	0.0	0.0	0.0	0.0302	0.0	0.0	0.0	0.0	0.0	0.0	0.0	0.0	0.0	0.0	0.0	0.0	0.0	0.0	0.0	0.0	0.0	0.0	0.0	0.0	0.0	0.0	0.29725	0.0	0.0	0.0	0.0	0.0	0.0	0.0	0.0
Helicobacter_canadensis	0.0	0.0	0.0	0.0	0.0	0.0	0.0	0.0	0.0	0.0	0.0	0.0	0.0	0.0	0.0	0.0	0.0	0.0	0.0	0.0	0.0	0.0	0.0	0.0	0.17983	0.0	0.0	0.0	0.0	0.0	0.0	0.0	0.0	0.0	0.0	0.11193	0.0	0.0	0.0	0.0	0.0	0.0	0.0	0.0	0.0	0.0	0.0	0.0	0.0
Helicobacter_cinaedi	0.0	0.0	0.0	0.0	0.0	0.0	0.0	0.0	0.0	0.0	0.0	0.0	0.0	0.0	0.0	0.0	0.0	0.0	0.0	0.0	0.0	0.0	0.0	0.0	0.0	0.0	0.0	0.0	0.0	0.45629	0.0	0.0	0.0	0.0	0.0	0.0	0.0	0.0	0.0	0.0	0.0	0.0	0.0	0.0	0.0	0.0	4.94444	0.0	0.0
Helicobacter_fennelliae	1.67497	0.0	0.0	0.0	0.0	0.0	0.0	0.0	0.0	0.0	0.0	0.0	0.0	0.0	0.0	0.0	0.0	0.0	0.0	5.82502	0.0	0.0	0.0	0.0	0.0	0.0	0.0	0.0	0.0	0.0	0.0	0.0	0.0	0.0	0.0	0.0	0.0	0.0	0.0	0.0	0.0	0.0	0.0	4.75503	0.02874	0.79572	0.0	0.0	0.0
Helicobacter_pylori	0.0	0.0	0.0	0.0	0.04332	0.0	0.0	0.0	0.0	0.0	0.0	0.0	0.0	0.0	0.0	0.0	0.0	0.0	0.0	0.0	0.0	0.0	0.0	0.0	0.0	0.0	0.0	0.0	0.0	0.05279	0.0	0.0	0.0	0.0	0.0	0.0	0.34892	0.0	0.0	0.0	0.0	0.0	0.0	0.0	0.0	0.0	0.0	0.0	0.0
Helicobacter_winghamensis	0.0	0.0	0.0	0.0	0.0	0.0	0.0	0.0	0.0	0.0	0.0	0.0	0.0	0.0	0.0	0.0	0.0	0.0	0.0	0.0	0.0	0.0	0.0	0.0	0.55087	0.0	0.0	0.0	0.0	0.0	0.0	0.0	0.0	0.0	0.0	0.0	0.0	0.0	0.0	0.0	0.0	0.0	0.0	0.0	0.0	0.0	0.0	0.0	0.0
Aeromonas_caviae	0.0	0.0	0.0	0.0	0.0	0.0	0.0	0.0	0.0	0.0	0.0	0.0	0.0	0.0	0.0	0.0	0.0	0.0	0.0	0.0	0.0	0.0	0.0	0.0	0.0	0.0	0.0	0.0	0.0	0.0	0.19166	0.0	0.0	0.0	0.0	0.0	0.0	0.0	0.0	0.0	0.0	0.0	0.0	0.0	0.0	0.0	0.0	0.0	0.0
Aeromonas_unclassified	0.0	0.0	0.0	0.0	0.0	0.0	0.0	0.0	0.0	0.0	0.0	0.0	0.0	0.0	0.0	0.0	0.0	0.0	0.0	0.0	0.0	0.0	0.0	0.0	0.0	0.0	0.0	0.0	0.0	0.0	0.54895	4e-05	0.0	0.0	0.0	0.0	0.0	0.0	0.0	0.0	0.0	0.0	0.0	0.0	0.0	0.0	0.0	0.0	0.0
Citrobacter_freundii	0.0	0.0	0.0	0.0	0.0	0.0	0.0	0.0	0.0	0.0	0.0	0.0	0.0	0.0	0.0	0.0	0.0	0.0	0.0	0.0	0.0	0.0	0.0	0.0	0.0	0.0	0.0	0.0	0.0	0.0	1.93532	0.0	0.0	0.0	0.0	0.0	0.0	0.0	0.0	0.0	0.0	0.0	0.0	0.0	0.0	0.0	0.0	0.0	0.0
Citrobacter_unclassified	0.0	0.0	0.0	0.0	0.0	0.0	0.0	0.0	0.0	0.0	0.0	0.0	0.0	0.0	0.0	0.0	0.0	0.0	0.0	0.0	0.0	0.0	0.0	0.0	0.0	0.0	0.0	0.0	0.0	0.0	0.34434	0.0	0.0	0.0	0.0	0.0	0.0	0.0	0.0	0.0	0.0	0.0	0.0	0.0	0.0	0.0	0.0	0.0	0.0
Cronobacter_sakazakii	0.0	0.0	0.0	0.0	0.0	0.0	0.0	0.0	0.0	0.0	0.0	0.0	0.0	0.0	0.0	0.0	0.0	0.0	0.0	0.0	0.0	0.41872	0.0	0.0	0.0	0.0	0.0	0.0	0.0	0.0	0.0	0.0	0.0	0.0	0.0	0.0	0.0	0.0	0.0	0.0	0.0	0.0	0.0	0.0	0.0	0.0	0.0	0.0	0.0
Enterobacter_aerogenes	0.0	0.0	0.13187	0.0	0.0	0.0	0.0	0.0	0.0	0.0	0.0	0.0	0.0	0.0	0.0	0.0	0.0	0.0	0.0	0.0	0.0	0.31945	0.0	0.0	0.0	0.0	0.0	0.0	0.0	0.0	0.0	0.0	0.0	0.0	0.0	0.0	0.0	0.0	0.0	0.0	0.0	0.0	0.0	0.0	0.0	0.0	0.0	0.0	0.0
Enterobacter_cloacae	0.0	0.0	0.19949	0.0	0.0	0.89492	0.0	0.0	0.0	0.0	0.0	0.0	0.0	0.0	0.60806	0.31485	0.0	0.0	0.0	0.0	0.0	2.06029	0.0	0.0	0.0	0.0	0.55566	0.0	0.0	0.31498	0.1035	0.00012	0.0	0.0	0.0	0.0	0.0	0.02089	0.0	0.0	0.0	0.02156	0.03249	0.0	0.07736	0.0	0.12097	0.00769	0.0
Escherichia_albertii	0.0	0.0	0.0	0.0	0.0	0.0	0.0	0.0	0.0	0.0	0.0	0.0	0.0	0.0	0.0	0.0	0.0	0.0	0.0	0.0	0.0	0.0	0.0	0.0	0.0	0.0	0.0	0.0	0.0	0.0	0.0	0.00947	0.0	0.0	0.0	0.0	0.0	0.0	0.0	0.0	0.0	0.0	0.0	0.0	0.0	0.0	0.0	0.0	0.0
Escherichia_coli	3.01756	12.76352	2.96811	17.63323	77.92399	2.88752	0.0	65.91553	6.0002	0.78224	0.0	2.63156	89.19208	1.23985	0.25643	0.34561	4.77752	1.856	0.0	0.42971	0.0	3.86907	0.0	5.5499	0.41176	0.61972	0.25208	64.07098	1.25183	20.13654	33.60869	1.36082	0.01702	68.23843	0.0	1.58263	55.93223	7.07454	1.98146	79.04639	2.25308	31.48574	66.5908	0.40653	2.57379	69.10985	2.73902	7.5714	85.02405
Escherichia_unclassified	0.55673	1.69836	0.59866	3.33672	7.80419	0.37847	0.0	4.43433	0.54319	0.4918	0.04943	0.14753	0.0	1.39827	0.0	0.0025	0.0	0.0	0.05986	0.0	0.0	0.10383	32.45482	5.77729	0.14975	0.01147	0.092	16.95685	0.0	2.77902	7.66887	0.0	0.02305	7.43118	0.0	0.22254	0.0	2.79548	0.62854	0.0	0.71669	10.19929	26.79039	0.32392	0.23349	16.47875	0.0	2.51283	9.10129
Klebsiella_oxytoca	0.0	0.0	0.0	0.0	0.0	0.0	0.0	0.0	0.0	0.0	0.0	0.0	0.10882	0.0	0.0	0.0	0.0	0.0	0.0	0.0	0.0	0.0	0.0	0.0	0.0	0.0	0.12068	0.0	0.0	0.0	0.0	0.0	0.0	0.0	0.0	0.0	0.0	0.0	0.0	0.0	0.0	0.0	0.13398	0.0	0.0	0.0	0.0	0.0	0.0
Klebsiella_pneumoniae	0.0	0.26217	0.44617	0.0	0.0	0.0	0.0	23.91139	0.0	0.0	0.0	0.00403	1.97964	0.0	1.58452	1.98452	0.0	0.0	0.0	0.0	0.0	5.35873	0.0	16.56097	0.0	0.0	0.0	0.0	0.0	0.1196	0.14669	0.00912	0.0	0.0	0.0	0.0	0.0	0.21599	0.0	0.0	0.01424	0.2609	2.27943	0.0	0.14984	0.0	0.0	0.07735	0.0
Klebsiella_unclassified	0.0	0.0	0.0	0.25618	0.0	0.0	0.0	0.0	0.0	0.0447	0.0	0.0	0.0	0.0	0.39629	1.22064	0.0	0.0	0.0	0.0	0.0	0.0	0.0	0.0	0.0	0.0	0.25087	0.0	0.0	0.0	0.0	0.0	0.0	0.0	0.0	0.0	0.0	0.0	0.0	0.0	0.0	0.0	0.0	0.0	0.0	0.0	0.0	0.0	0.0
Morganella_morganii	0.0	0.0	0.0	0.0	0.0	0.0	0.0	0.0	0.0	0.0	0.0	0.0	0.04949	0.0	0.0	0.0	0.0	0.0	0.0	0.0	0.0	0.0	0.0	0.0	0.0	0.0	0.0	0.0	0.0	0.0	2.89001	0.0	0.0	0.0	0.0	0.0	0.0	0.0	0.0	0.0	0.0	0.4338	0.03799	0.0	0.32864	0.0	0.0	0.0	0.0
Pantoea_unclassified	0.0	0.0	0.0	0.0	0.0	0.0	0.0	0.0	0.0	0.0	0.0	0.00554	0.0	0.0	0.0	0.0	0.0	0.0	0.0	0.0	0.0	0.0	0.0	0.0	0.0	0.0	0.0	0.0	0.0	0.0	0.0	0.0	0.0	0.29471	0.0	0.0	0.0	0.0	0.0	0.18587	0.0	0.0227	0.09627	0.0	0.0	0.03464	0.0	0.01366	0.09694
Plesiomonas_shigelloides	0.0	0.0	0.0	0.0	0.0	0.0	0.0	0.0	0.0	0.0	0.0	0.0	0.0	0.0	0.0	0.0	0.0	0.0	0.0	0.0	0.0	0.0	0.0	0.0	0.0	0.0	0.0	0.0	0.0	0.0	0.0	0.0	0.0	0.0	0.0	0.0	0.0	0.0	0.0	0.0	0.00774	0.0	0.0	0.0	0.0	0.0	0.0	0.0	0.0
Shigella_flexneri	0.0	0.0	0.0	0.0	0.0	0.0	0.0	0.0	0.0	0.0	0.0	0.0	0.44804	0.0	0.0	0.0	0.0	0.0	0.0	0.0	0.0	0.0	0.0	0.0	0.0	0.0	0.0	0.0	0.0	0.0	0.0	0.0	0.0	0.0	0.0	0.0	0.0	0.0	0.02173	0.0	0.0	0.13067	0.40029	0.0	0.0	0.0	0.0	0.0	0.0
Shigella_sonnei	0.0	0.0	0.0	0.0	0.0	0.0	0.0	0.0	0.0	0.0	0.0	0.0	0.0	0.0	0.0	0.0	0.0	0.0	0.0	0.0	0.0	0.0	0.0	0.0	0.0	0.0	0.0	0.0	0.0	1.81823	0.0	0.0	0.0	0.0	0.0	0.0	0.0	0.0	0.0	0.0	0.0	0.0	0.0	0.0	0.03193	0.25144	0.0	0.0	0.0
Actinobacillus_unclassified	0.0	0.0	0.0	0.0	0.0	0.0	0.0	0.0	0.0	0.0	0.0	0.0	0.0	0.0	0.0	0.0	0.0	0.0	0.0	0.0	0.0	0.0	0.0	0.0	0.0	0.0	0.04124	0.0	0.0	0.0	0.0	0.00198	0.0	0.0	0.0	0.0	0.0	0.0	0.0	0.03576	0.0	0.0	0.0	0.0	0.0	0.0	0.0	0.0	0.0
Aggregatibacter_segnis	0.0	0.0	0.0	0.0	0.0	0.0	0.0	0.0	0.0	0.0	0.0	0.00099	0.0	0.0	0.0	0.0	0.0	0.0	0.0	0.0	0.0	0.0	0.0	0.0	0.0	0.0	0.0	0.0	0.0	0.0	0.0	0.0003	0.0	0.0	0.0	0.0	0.0	0.0	0.0	0.0	0.0	0.0	0.0	0.0	0.0	0.0	0.0	0.0	0.0
Aggregatibacter_unclassified	0.0	0.0	0.0	0.0	0.0	0.0	0.0	0.0	0.0	0.0	0.0	0.00438	0.0	0.0	0.0	0.0	0.0	0.0	0.0	0.0	0.0	0.0	0.0	0.0	0.0	0.0	0.0	0.0	0.0	0.0	0.0	0.00086	0.0	0.0	0.0	0.0	0.0	0.0	0.0	0.0	0.0	0.0	0.0	0.0	0.0	0.0	0.0	0.0	0.0
Haemophilus_haemolyticus	0.0	0.0	0.0	0.0	0.0	0.0	0.0	0.0	0.0	0.0	0.0	0.02	0.0	0.0	0.0	0.0	0.0	0.14797	0.0	0.0	0.0	0.0	0.0	0.0	0.0	0.0	0.0	0.0	0.0	0.0	0.0	0.00153	0.0	0.0	0.0	0.0	0.0	0.0	0.0	0.0	0.0	0.0	0.0	0.0	0.0	0.0	0.0	0.0	0.0
Haemophilus_influenzae	0.06842	0.0	0.0	0.0	0.0	0.0	0.0	0.0	0.0	0.0	0.0	0.02602	0.0	0.0	0.0	0.0	0.0	0.28694	0.0	0.0	0.0	0.0	0.0	0.0	0.0	0.0	0.0	0.0	0.0	0.0	0.04411	0.00196	0.0	8.69054	0.0	0.0	0.0	0.0	0.0	0.0	0.0	0.0	0.0	0.0	0.0	0.20075	0.0	0.0	0.0
Haemophilus_parahaemolyticus	0.0	0.0	0.0	0.0	0.0	0.0	0.0	0.0	0.0	0.0	0.0	0.0	0.0	0.0	0.0	0.0	0.0	0.0	0.0	0.0	0.0	0.0	0.0	0.0	0.0	0.0	0.0	0.0	0.0	0.0	0.0	7e-05	0.0	0.0	0.0	0.0	0.0	0.0	0.0	0.04966	0.0	0.0	0.0	0.0	0.0	0.0	0.0	0.0	0.0
Haemophilus_parainfluenzae	1.84399	0.04831	0.52796	0.08614	0.0	0.0	0.0	0.0	0.07643	0.0	0.0	0.27177	0.0	0.34963	0.0	0.0	0.0	0.0	0.05142	0.0	0.0	2.72399	0.0	2.97762	0.0	0.00334	0.36906	0.0	0.0	0.07323	0.44049	0.06943	0.0	0.56409	0.0	0.78554	0.0	0.08568	0.00115	0.0	0.0	0.0	0.0	0.0	0.0	0.11834	1.03802	0.01105	0.11959
Haemophilus_paraphrohaemolyticus	0.0	0.0	0.0	0.0	0.0	0.0	0.0	0.0	0.0	0.0	0.0	0.0	0.0	0.0	0.0	0.0	0.0	0.0	0.0	0.0	0.0	0.0	0.0	0.0	0.0	0.0	0.0	0.0	0.0	0.0	0.0	0.0004	0.0	0.0	0.0	0.0	0.0	0.0	0.0	0.0	0.0	0.0	0.0	0.0	0.0	0.0	0.0	0.0	0.0
Haemophilus_pittmaniae	0.0	0.0	0.0	0.0	0.0	0.0	0.0	0.0	0.0	0.0	0.0	0.0	0.0	0.0	0.0	0.0	0.0	0.0	0.47983	0.0	0.0	0.0	0.0	0.0	0.0	0.0	0.0	0.0	0.0	0.0	0.0	0.0	0.0	0.0	0.0	0.0	0.0	0.0	0.0	0.0	0.0	0.0	0.0	0.0	0.0	0.0	0.0	0.0	0.0
Acinetobacter_baumannii	0.0	0.0	0.0	0.0	0.0	0.0	0.0	0.0	0.0	0.0	0.0	0.0	0.0	0.0	0.0	0.0	0.0	0.0	0.0	0.0	0.0	0.0	0.0	0.0	0.0	0.0	0.0	0.0	0.0	0.00967	0.0	0.0	0.0	0.0	0.0	0.0	0.0	0.0	0.0	0.0	0.0	0.0	0.0	0.0	0.0	0.0	0.0	0.0	0.0
Acinetobacter_bereziniae	0.0	0.0	0.0	0.0	0.0	0.0	0.0	0.0	0.0	0.0	0.0	0.0	0.0	0.0	0.0	0.0	0.0	0.0	0.0	0.0	0.0	0.0	0.0	0.0	0.0	0.0	0.0	0.0	0.0	0.05512	0.07717	0.0	0.0	0.0	0.0	0.0	0.0	0.0	0.0	0.0	0.0	0.0	0.0	0.0	0.0	0.0	0.0	0.0	0.0
Acinetobacter_indicus	0.0	0.0	0.0	0.0	0.0	0.0	0.0	0.0	0.0	0.0	0.0	0.0	0.0	0.0	0.0	0.0	0.0	0.0	0.0	0.0	0.0	0.0	0.0	4.55307	0.0	0.0	0.0	0.0	0.0	0.0	0.0	0.0	0.0	0.0	0.0	0.0	0.0	0.0	0.0	0.0	0.0	0.0	0.0	0.0	0.0	0.0	0.0	0.0	0.0
Acinetobacter_johnsonii	0.0	0.0	0.0	0.0	0.0	0.0	0.0	0.0	0.0	0.0	0.0	0.0	0.0	0.0	0.0	0.0	0.0	0.0	0.0	0.0	0.0	0.0	0.0	0.0	0.0	0.0	0.0	0.0	0.0	0.0	0.48812	0.0	0.0	0.0	0.0	0.0	0.0	0.0	0.0	0.0	0.0	0.0	0.0	0.0	0.0	0.0	0.0	0.0	0.0
Acinetobacter_unclassified	0.0	0.0	0.0	0.0	0.0	0.0	0.0	0.0	0.0	0.0	0.0	0.0	0.0	0.0	0.0	0.0	0.0	0.0	0.0	0.0	0.0	0.0	0.0	6.51801	0.0	0.0	0.0	0.0	0.77449	0.12038	3.14852	0.0	0.0	0.0	0.0	0.0	0.0	0.0	0.0	0.0	0.0	0.0	0.0	0.0	0.0	0.0	0.0	0.0	0.0
Acinetobacter_ursingii	0.0	0.0	0.0	0.0	0.0	0.0	0.0	0.0	0.0	0.0	0.0	0.0	0.0	0.0	0.0	0.0	0.0	0.0	0.0	0.0	0.0	0.0	0.0	0.0	0.0	0.0	0.0	0.0	0.0	0.09709	0.26129	0.0	0.0	0.0	0.0	0.0	0.0	0.0	0.0	0.0	0.0	0.0	0.0	0.0	0.0	0.0	0.0	0.0	0.0
Pseudomonas_putida	0.0	0.0	0.0	0.0	0.0	0.0	0.0	0.0	0.0	0.0	0.0	0.0	0.0	0.0	0.0	0.0	0.0	0.0	0.0	0.0	0.0	0.0	0.0	0.0	0.0	0.0	0.0	0.0	0.0	0.03986	0.00954	0.0	0.0	0.0	0.0	0.0	0.0	0.0	0.0	0.0	0.0	0.0	0.0	0.0	0.0	0.0	0.0	0.0	0.0
Pseudomonas_unclassified	0.0	0.0	0.0	0.0	0.0	0.0	0.0	0.0	0.0	0.0	0.0	0.0	0.0	0.0	0.0	0.0	0.0	0.08507	0.0	0.0	0.0	0.0	0.0	0.0	0.0	0.0	0.0	0.0	0.0	0.01155	0.48524	0.0	0.0	0.0	0.0	0.0	0.0	0.0	0.0	0.0	0.0	0.0	0.0	0.0	0.0	0.0	0.0	0.0	0.0
Vibrio_cholerae	0.0	0.0	0.0	0.0	0.0	0.0	0.0	0.0	0.0	0.0	0.0	0.01145	0.0	0.0	0.0	0.0	2.92879	0.0	0.0	0.0	0.0	0.0	0.0	0.0	0.0	0.0	0.00697	0.0	96.38687	54.38423	0.04148	0.61218	95.32688	12.22923	54.86266	63.37323	15.77034	0.0	0.0	0.0	0.0	0.0	0.0	0.0	0.0	1.43155	0.0	0.0	0.0
Brachyspira_pilosicoli	0.0	0.0	0.0	0.0	0.0	0.0	0.0	0.0	0.0	0.0	0.0	0.0	0.0	0.75492	0.0	0.0	0.0	0.0	0.04081	0.0	0.0	0.0	0.0	0.0	0.0	0.0	0.0	0.0	0.0	18.93429	0.0	0.0	3.60795	0.0	0.12286	0.0	5.25459	0.0	0.0	0.0	0.0	0.0	0.0	0.0	0.0	0.0	0.0	0.0	0.0
Brachyspira_unclassified	0.0	0.0	0.0	0.0	0.0	0.0	0.0	0.0	0.0	0.0	0.0	0.0	0.0	0.0	0.28981	0.0	0.0	0.01476	0.10606	0.0	0.0	0.0	0.0	0.0	0.0	0.0	0.10443	0.0	0.0	0.0	0.0	0.0	0.0	0.0	0.09769	0.0	2.17144	0.0	0.0	0.0	0.0	0.0	0.0	0.0	0.0	0.0	0.0	0.0	0.0
Treponema_succinifaciens	0.0	0.0	0.0	0.0	0.0	0.0	0.0	0.0	0.0	0.0	0.0	0.0	0.0	0.0	28.47291	0.0	0.0	0.20009	0.55709	0.0	0.0	0.0	0.0	0.0	0.0	0.0	1.29674	0.0	0.0	0.0	0.0	0.0	0.0	0.0	0.0	0.0	0.0	0.0	0.0	0.0	0.0	0.0	0.0	0.0	0.0	0.0	0.0	0.0	0.0
Jonquetella_anthropi	0.0	0.0	0.0	0.0	0.0	0.0	0.0	0.0	0.02082	0.0	0.0	0.0	0.0	0.0	0.0	0.0	0.0	0.0	0.0	0.0	0.0	0.0	0.0	0.0	0.0	0.0	0.0	0.0	0.0	0.0	0.0	0.0	0.0	0.0	0.0	0.0	0.0	0.0	0.0	0.0	0.0	0.0	0.0	0.0	0.0	0.0	0.0	0.0	0.0
Pyramidobacter_piscolens	0.0	0.0	0.0	0.0	0.0	0.0	0.0	0.0	0.0	0.0	0.0	0.0	0.0	0.0	0.0	0.0	0.0	0.0	0.0	0.0	0.0	0.0	0.0	0.0	0.0	0.0	0.0	0.0	0.0	0.0	0.0	0.0	0.0	0.0	0.0	0.0	0.0	0.00615	0.0	0.0	0.0	0.0	0.0	0.0	0.0	0.0	0.0	0.0	0.0
Malassezia_globosa	0.0	0.0	0.0	0.0	0.0	0.0	0.0	0.0	0.0	0.0	0.0	0.0	0.0	0.0	0.0	0.0	0.0	0.0	0.0	0.0	0.0	0.0	0.0	0.0	0.0	0.0	0.0	0.0	0.0	0.0	0.0	0.0	0.0	0.0	0.0	0.0	0.0	0.0	0.0	0.0	0.12886	0.01756	0.0	0.0	0.0	0.0	0.0	0.0	0.0
Enterocytozoon_bieneusi	0.00479	0.0	0.0	0.0	0.0	0.0	0.0	0.0	0.0	0.0	0.0	0.0	0.0	0.0	0.0	0.0	0.0	0.0	0.0	0.0	0.0	0.0	0.0	0.0	0.0	0.0	0.0	0.0	0.0	0.0	0.0	0.0	0.0	0.0	0.0	0.0	0.0	0.0	0.0	0.0	0.0	0.0	0.0	0.0	0.0	0.0	0.0	0.0	0.0
Escherichia_phage_phAPEC8	0.0	0.0	0.0	0.0	0.0	0.0	0.0	0.0	0.0	0.0	0.0	57.46607	0.0	0.0	0.0	0.0	0.0	0.0	0.0	0.0	0.0	0.0	0.0	0.0	0.0	0.0	0.0	0.0	0.0	0.0	0.0	0.0	0.0	0.0	0.0	0.0	0.0	0.0	0.0	0.0	0.0	0.0	0.0	0.0	0.0	0.0	0.0	0.0	0.0
Vibrio_phage_ICP1	0.0	0.0	0.0	0.0	0.0	0.0	0.0	0.0	0.0	0.0	0.0	0.0	0.0	0.0	0.0	0.0	0.0	0.0	0.0	0.0	0.0	0.0	0.0	0.0	0.0	0.0	0.0	0.0	0.0	0.0	0.0	0.44113	0.0	0.0	44.91679	0.0	0.0	0.0	0.0	0.0	0.0	0.0	0.0	0.0	0.0	1.48065	0.0	0.0	0.0
Bacillus_phage_B103	0.0	0.0	0.0	0.0	0.0	0.0	0.0	0.0	0.0	0.0	0.0	0.0	0.0	0.0	0.0	0.0	0.0	0.0	0.0	0.0	0.0	0.0	0.0	0.0	0.0	0.0	0.0	0.0	0.0	0.0	0.0	0.0	0.0	0.0	0.0	0.0	0.0	0.22308	0.0	0.0	0.0	0.0	0.0	0.0	0.0	0.0	0.0	0.0	0.0
Vibrio_phage_ICP2	0.0	0.0	0.0	0.0	0.0	0.0	0.0	0.0	0.0	0.0	0.0	0.0	0.0	0.0	0.0	0.0	5.69468	0.0	0.0	0.0	0.0	0.0	0.0	0.0	0.0	0.0	0.0	0.0	0.0	0.0	0.0	97.27446	1.02254	0.0	0.0	0.0	0.0	0.0	0.0	0.0	0.0	0.0	0.0	0.0	0.0	0.0	0.0	0.0	0.0
Vibrio_phage_ICP3	0.0	0.0	0.0	0.0	0.0	0.0	0.0	0.0	0.0	0.0	0.0	16.61156	0.0	0.0	0.0	0.0	0.0	0.0	0.0	0.0	0.0	0.0	0.0	0.0	0.0	0.0	0.0	0.0	0.0	0.0	0.0	0.0	0.0	0.0	0.0	0.0	0.0	0.0	0.0	0.0	0.0	0.0	0.0	0.0	0.0	0.0	0.0	0.0	0.0
Salmonella_phage_Vi_II_E1	0.0	0.0	0.0	0.0	0.0	0.0	0.0	0.0	0.0	0.0	0.0	0.0	0.0	0.0	0.0	0.0	0.0	0.0	0.0	0.0	0.0	0.0	0.0	0.0	0.0	0.0	0.0	0.0	0.0	0.0	0.0	0.0	0.0	0.0	0.0	0.0	0.0	1.23684	0.0	0.0	0.0	0.0	0.0	0.0	0.0	0.0	0.0	0.0	0.0
Staphylococcus_phage_PVL	0.0	0.0	0.0	0.0	0.0	0.0	0.0	0.0	0.0	0.0	0.0	0.0	0.0	0.0	0.0	0.0	0.0	0.0	0.0	0.0	0.0	0.0	0.0	0.0	0.0	0.0	0.0	0.0	0.0	0.26307	0.0	0.0	0.0	0.0	0.0	0.0	0.0	0.0	0.0	0.0	0.0	0.0	0.0	0.0	0.0	0.0	0.0	0.0	0.0
Human_adenovirus_B	0.0	0.0	0.0	0.0	0.0	0.0	0.0	0.0	0.0	0.0	0.0	0.0	0.0	0.0	0.0	0.0	0.0	0.0	0.0	0.0	0.0	0.0	0.0	0.0	0.0	0.0	0.0	0.0	0.0	0.0	0.0	0.0	0.0	0.0	0.0	0.0	0.0	0.0	0.0	0.0	0.0	0.0	0.0	0.0	0.0	0.00508	0.0	0.0	0.0
Human_adenovirus_D	0.0	0.0	0.0	0.0	0.0	0.0	0.0	0.0	0.0	0.0	0.0	0.0	0.0	0.0	0.0	0.0	0.0	0.0	0.0	0.13492	0.0	0.0	0.0	0.0	0.01292	0.0	0.0	0.0	0.0	0.00907	0.0	0.0	0.0	0.0	0.0	0.0	0.0	0.0	0.00739	0.0	0.0	0.0	0.0	0.73036	0.0	0.0133	0.0	0.0	0.0
Human_adenovirus_F	0.0	0.0	0.0	0.0	0.0	0.0	0.0	0.0	0.0	0.0	0.0	0.0	0.0	0.0	0.0	0.0	0.0	0.0	0.0	0.0	0.0	0.0	0.0	0.0	0.0	0.0	0.0	0.0	0.0	0.07464	0.0	0.0	0.0	0.0	0.0	0.0	0.0	0.0	0.0	0.0	0.0	0.0	0.0	0.0	0.0	0.0	0.0	0.0	0.0
Avian_myelocytomatosis_virus	0.0	0.0	0.0	0.0	0.0	0.0	0.0	0.0	0.0	0.0	0.0	0.0	0.0	0.0	0.0	0.0	0.0	0.0	0.13417	0.0	0.0	0.0	0.0	0.0	0.0	0.0	0.0	0.0	0.35869	0.0	0.0	0.0	0.0	0.0	0.0	0.0	0.0	0.0	0.0	0.0	0.0	0.02255	0.0	0.05646	0.0	0.0	0.0	0.0	0.0
Murine_osteosarcoma_virus	0.0	0.0	0.0	0.0	0.0	0.0	0.0	0.0	0.0	0.0	0.0	0.0	0.0	0.0	0.0	0.0	0.0	0.0	0.0	0.0	0.0	0.0	0.0	0.0	0.0	0.0	0.0	0.0	0.0	0.0	0.0	0.0	0.0	0.0	0.0	0.0	0.0	0.06903	0.03211	0.0	0.0192	0.04826	0.0	0.18127	0.08803	0.03851	0.0	0.0	0.0
