	Sample	Gupta_good	Gupta_bad	Frac_of_core_functions_among_all	Frac_of_core_functions_found	Species_found_together	Contributions_per_species	Count of functions
0	100_24122020_S49	0	1	0.6133333333333333	0.5443786982248521	0.0	4.0	150
1	100_29122020_S50	0	1	0.6666666666666666	0.14201183431952663	0.0	1.0	36
2	101k_02122021_S22	1	0	0.8947368421052632	0.10059171597633136	0.14634146341463414	3.0	19
3	105k_05122021_S24	2	1	0.9583333333333334	0.27218934911242604	0.14634146341463414	4.0	48
4	108K_08122021_S3	1	2	0.8785714285714286	0.727810650887574	0.04878048780487805	7.2	140
5	109k_08122021_S1	2	0	0.9625	0.4556213017751479	0.0975609756097561	18.0	80
6	10_20052020_S5	0	1	0.968421052631579	0.5443786982248521	0.21951219512195122	24.5	95
7	10_28052020_S6	0	0	0.9433962264150944	0.591715976331361	0.2682926829268293	24.6	106
8	110_06122020_S6	0	0	0.9605263157894737	0.4319526627218935	0.36585365853658536	8.8	76
9	112k_22122021_S28	1	1	0.967032967032967	0.5207100591715976	0.4146341463414634	4.5	91
10	113k_20122021_S30	2	1	0.8375	0.7928994082840237	0.1951219512195122	18.4	160
11	114k_30122021_S36	0	1	0.7325581395348837	0.7455621301775148	0.4146341463414634	6.5	172
12	114k_31122021_S35	0	2	0.7527472527472527	0.8106508875739645	0.36585365853658536	5.0	182
13	117_12122020_S38	0	1	0.5860655737704918	0.8461538461538461	0.0	65.25	244
14	117_17122020_S39	0	1	0.5507246376811594	0.8994082840236687	0.0	53.5	276
15	117k_27122021_S34	1	0	0.8938053097345132	0.5976331360946746	0.14634146341463414	13.5	113
16	118k_21122021_S18	0	1	0.92	0.13609467455621302	0.6341463414634146	6.0	25
17	118k_22122021_S20	0	1	0.9285714285714286	0.3076923076923077	0.4634146341463415	1.6666666666666667	56
18	118k_24122021_S19	0	3	0.9478260869565217	0.6449704142011834	0.6341463414634146	12.571428571428571	115
19	119k_24122021_S23	0	0	0.9425287356321839	0.48520710059171596	0.14634146341463414	13.0	87
20	11_09062020_S9	0	1	0.9108910891089109	0.5443786982248521	0.3170731707317073	4.6	101
21	11_25052020_S7	0	0	0.9583333333333334	0.6804733727810651	0.7560975609756098	13.583333333333334	120
22	120k_22122021_S26	0	0	0.9647058823529412	0.48520710059171596	0.0975609756097561	10.5	85
23	120k_23122021_S25	0	0	0.9572649572649573	0.6627218934911243	0.0975609756097561	9.0	117
24	121k_21122021_S28	0	0	0.0	0.0	0.0	1.0	2
25	121k_23122021_S38	0	0	0.9625	0.4556213017751479	0.0975609756097561	14.0	80
26	123k_12012022_S4	0	3	0.5907335907335908	0.9053254437869822	0.12195121951219512	43.333333333333336	259
27	124k_31122021_S39	0	2	0.6594827586206896	0.9053254437869822	0.14634146341463414	21.333333333333332	232
28	126k_09012022_S10	1	0	0.6137566137566137	0.6863905325443787	0.21951219512195122	20.5	189
29	127k_01012022_S32	0	2	0.8445945945945946	0.7396449704142012	0.3170731707317073	7.0	148
30	127k_02012022_S31	0	1	0.9506172839506173	0.4556213017751479	0.3170731707317073	4.571428571428571	81
31	128k_06012022_S40	0	0	0.8983050847457628	0.6272189349112426	0.5609756097560976	2.2857142857142856	118
32	129k_01012022_S38	0	1	0.7647058823529411	0.8461538461538461	0.2682926829268293	8.75	187
33	129k_02012022_S37	0	3	0.9396551724137931	0.6449704142011834	0.17073170731707318	21.666666666666668	116
34	12_06062020_S41	0	0	0.970873786407767	0.591715976331361	0.2682926829268293	20.833333333333332	103
35	12_22052020_S39	0	0	0.9583333333333334	0.5443786982248521	0.3170731707317073	15.142857142857142	96
36	132k_06012022_S43	0	0	0.9532710280373832	0.6035502958579881	0.0975609756097561	10.571428571428571	107
37	133k_04012022_S34	0	2	0.5670498084291188	0.8757396449704142	0.0	75.66666666666667	261
38	133k_05012022_S33	0	1	0.5492957746478874	0.9230769230769231	0.0	100.75	284
39	134k_02012022_S36	0	1	0.5843137254901961	0.8816568047337278	0.0	89.5	255
40	134k_04012022_S37	0	1	0.6192660550458715	0.7988165680473372	0.0	51.5	218
41	135k_06012022_S46	1	1	0.956140350877193	0.6449704142011834	0.4146341463414634	21.0	114
42	135k_07012022_S45	1	1	0.9663865546218487	0.6804733727810651	0.4634146341463415	16.428571428571427	119
43	136k_06012022_S49	0	0	0.898989898989899	0.5266272189349113	0.14634146341463414	12.333333333333334	99
44	136k_10012022_S48	0	0	0.9508196721311475	0.6863905325443787	0.0975609756097561	11.857142857142858	122
45	137k_27012022_S11	0	1	0.9054054054054054	0.39644970414201186	0.0	18.5	74
46	139k_12012022_S12	0	1	0.6260869565217392	0.8520710059171598	0.4146341463414634	22.666666666666668	230
47	13K_08102021_S44	1	0	0.9459459459459459	0.41420118343195267	0.34146341463414637	1.25	74
48	13_01062020_S46	2	0	0.8674698795180723	0.4260355029585799	0.4146341463414634	17.2	83
49	13_22052020_S43	3	0	0.8839285714285714	0.5857988165680473	0.2682926829268293	13.4	112
50	141k_20012022_S43	0	0	0.9512195121951219	0.46153846153846156	0.0	83.0	82
51	141k_22012022_S42	0	0	0.95	0.44970414201183434	0.0	82.0	80
52	143k_18012022_S5	2	1	0.9393939393939394	0.3668639053254438	0.6341463414634146	3.4	66
53	144k_19012022_S44	0	0	0.9310344827586207	0.15976331360946747	0.17073170731707318	1.0	29
54	144k_20012022_S45	0	0	0.9393939393939394	0.1834319526627219	0.3170731707317073	4.5	33
55	145_01012021_S2	0	0	0.9139784946236559	0.5029585798816568	0.24390243902439024	18.0	93
56	145_28122020_S3	0	0	0.9625	0.4556213017751479	0.0975609756097561	7.4	80
57	146k_01022022_S48	0	0	0.0	0.0	0.24390243902439024	1.0	2
58	146k_03022022_S46	0	0	0.7361111111111112	0.3136094674556213	0.2926829268292683	4.0	72
59	149k_20012022_S13	1	0	0.6551724137931034	0.7869822485207101	0.04878048780487805	34.25	203
60	151k_02032022_S3	0	2	0.5677655677655677	0.9171597633136095	0.0	70.4	273
61	151k_25022022_S1	0	1	0.6538461538461539	0.10059171597633136	0.0	3.0	26
62	151k_28022022_S2	0	2	0.8666666666666667	0.23076923076923078	0.0	2.0	45
63	152k_02032022_S5	0	0	0.0	0.0	0.0	1.0	2
64	153k_23022022_S7	1	1	0.6877828054298643	0.8994082840236687	0.04878048780487805	5.875	221
65	153k_24022022_S8	0	1	0.7512953367875648	0.8579881656804734	0.12195121951219512	24.333333333333332	193
66	153k_25022022_S9	0	0	0.6946564885496184	0.5384615384615384	0.0	11.5	131
67	154k_02032022_S45	0	2	0.9540229885057471	0.4911242603550296	0.24390243902439024	8.0	87
68	157k_02032022_S10	0	1	0.555956678700361	0.9112426035502958	0.0	64.0	277
69	158k_01032022_S11	1	0	0.8803418803418803	0.6094674556213018	0.5365853658536586	5.222222222222222	117
70	158k_02032022_S12	2	0	0.908256880733945	0.5857988165680473	0.36585365853658536	12.0	109
71	158k_03032022_S13	2	0	0.9823008849557522	0.6568047337278107	0.3902439024390244	22.4	113
72	15_29052020_S8	1	2	0.8978102189781022	0.727810650887574	0.04878048780487805	17.833333333333332	137
73	160k_07032022_S14	0	2	0.897196261682243	0.5680473372781065	0.34146341463414637	11.333333333333334	107
74	160k_13032022_S16	0	0	0.9509803921568627	0.5739644970414202	0.24390243902439024	11.25	102
75	161k_07032022_S17	0	1	0.7164179104477612	0.8520710059171598	0.0	16.0	201
76	161k_09032022_S19	0	1	0.8529411764705882	0.6863905325443787	0.0	8.666666666666666	136
77	162k_06032022_S20	0	1	0.7413793103448276	0.5088757396449705	0.1951219512195122	2.25	116
78	162k_08032022_S21	0	1	0.7710843373493976	0.757396449704142	0.4146341463414634	10.666666666666666	166
79	162k_11032022_S22	1	0	0.6473429951690821	0.7928994082840237	0.04878048780487805	11.25	207
80	163k_09032022_S24	0	1	0.7847222222222222	0.6686390532544378	0.5121951219512195	9.875	144
81	164k_06032022_S26	0	0	0.9117647058823529	0.1834319526627219	0.1951219512195122	3.3333333333333335	34
82	164k_07032022_S27	0	0	0.9577464788732394	0.40236686390532544	0.1951219512195122	12.333333333333334	71
83	166k_06032022_S29	0	1	0.62882096069869	0.8520710059171598	0.0975609756097561	26.5	229
84	166k_07032022_S30	0	1	0.6141078838174274	0.8757396449704142	0.0	59.333333333333336	241
85	166k_08032022_S31	0	1	0.6033755274261603	0.8461538461538461	0.0	162.0	237
86	167k_13032022_S33	0	0	0.928	0.6863905325443787	0.17073170731707318	21.0	125
87	168K_12032022_S30	0	1	0.9375	0.5325443786982249	0.3170731707317073	41.0	96
88	168_21012021_S10	0	2	0.9619047619047619	0.5976331360946746	0.04878048780487805	41.0	105
89	168k_11032022_S34	0	0	0.935064935064935	0.4260355029585799	0.3170731707317073	25.6	77
90	169k_13032022_S39	0	1	0.9625	0.4556213017751479	0.14634146341463414	5.2	80
91	16K_19092021_S45	0	0	0.975609756097561	0.47337278106508873	0.34146341463414637	11.0	82
92	16K_20092021_S1	0	0	0.967391304347826	0.5266272189349113	0.24390243902439024	6.0	92
93	16_05062020_S40	0	1	0.5516014234875445	0.9171597633136095	0.0	152.33333333333334	281
94	170k_12052022_S40	1	1	0.9626168224299065	0.6094674556213018	0.34146341463414637	12.857142857142858	107
95	170k_13032022_S41	1	1	0.9347826086956522	0.5088757396449705	0.34146341463414637	10.5	92
96	171_01022021_S1	0	0	0.9153846153846154	0.7041420118343196	0.2926829268292683	40.8	130
97	171_28012021_S4	0	1	0.9173553719008265	0.6568047337278107	0.36585365853658536	23.5	121
98	174k_12032022_S43	0	0	0.8141592920353983	0.5443786982248521	0.0	88.0	113
99	174k_13032022_S44	0	0	0.8021978021978022	0.4319526627218935	0.0	77.5	91
100	175K_12032022_S31	0	1	0.7314814814814815	0.46745562130177515	0.0	4.5	108
101	175_30012021_S11	0	0	0.5	0.011834319526627219	0.0	1.0	4
102	176k_13032022_S49	0	0	0.9591836734693877	0.2781065088757396	0.36585365853658536	4.6	49
103	177k_13032022_S15	2	1	0.9509803921568627	0.5739644970414202	0.5365853658536586	23.0	102
104	177k_14032022_S16	2	1	0.9565217391304348	0.650887573964497	0.5365853658536586	23.333333333333332	115
105	177k_15032022_S17	2	1	0.9090909090909091	0.5325443786982249	0.4146341463414634	18.571428571428573	99
106	178k_14032022_S18	0	1	0.6475770925110133	0.8698224852071006	0.0	41.0	227
107	17_24052020_S5	0	0	0.8333333333333334	0.26627218934911245	0.0	29.0	54
108	180_04022021_S8	0	0	0.95	0.6745562130177515	0.24390243902439024	18.2	120
109	180_30012021_S12	0	0	0.9508196721311475	0.3431952662721893	0.4634146341463415	8.0	61
110	182k_15032022_S21	3	0	0.9384615384615385	0.3609467455621302	0.0	1.0	65
111	185_03022021_S19	1	0	0.9264705882352942	0.3727810650887574	0.4146341463414634	1.0	68
112	185_07022021_S20	0	0	0.9	0.26627218934911245	0.24390243902439024	1.3333333333333333	50
113	185_15022021_S24	0	1	0.9365079365079365	0.34911242603550297	0.36585365853658536	12.333333333333334	63
114	186k_18032022_S28	2	0	0.9322033898305084	0.650887573964497	0.5609756097560976	4.7272727272727275	118
115	187k_19032022_S29	0	1	0.9662921348314607	0.5088757396449705	0.21951219512195122	3.0	89
116	187k_20032022_S30	0	1	0.9411764705882353	0.5680473372781065	0.0975609756097561	48.0	102
117	187k_21032022_S31	0	0	0.943089430894309	0.6863905325443787	0.21951219512195122	26.428571428571427	123
118	188_19022021_S27	0	1	0.7431693989071039	0.8047337278106509	0.0975609756097561	40.2	183
119	188_26022021_S30	0	2	0.6388888888888888	0.9526627218934911	0.2682926829268293	20.125	252
120	188k_18032022_S32	0	0	0.8804347826086957	0.47928994082840237	0.3170731707317073	2.8181818181818183	92
121	188k_19032022_S33	0	1	0.8278688524590164	0.5976331360946746	0.4634146341463415	3.25	122
122	188k_20032022_S34	0	0	0.8307692307692308	0.6390532544378699	0.5121951219512195	4.333333333333333	130
123	18_26052020_S35	0	3	0.8861788617886179	0.6449704142011834	0.3902439024390244	8.555555555555555	123
124	190k_20032022_S38	0	3	0.5467625899280576	0.8994082840236687	0.0	60.6	278
125	191k_19032022_S40	0	0	0.9215686274509803	0.5562130177514792	0.21951219512195122	11.857142857142858	102
126	192_11022021_S31	1	1	0.9558823529411765	0.38461538461538464	0.5853658536585366	11.75	68
127	192_15022021_S34	2	1	0.9655172413793104	0.4970414201183432	0.0	8.5	87
128	193k_23032022_S42	1	0	0.8176100628930818	0.7692307692307693	0.6097560975609756	8.857142857142858	159
129	195_13022021_S37	0	1	0.8	0.5680473372781065	0.5365853658536586	11.0	120
130	195_18022021_S41	0	0	0.8985507246376812	0.3668639053254438	0.4878048780487805	13.666666666666666	69
131	198_12022021_S12	2	0	0.922077922077922	0.42011834319526625	0.17073170731707318	3.875	77
132	198_23022021_S13	2	0	0.9724770642201835	0.6272189349112426	0.21951219512195122	1.8	109
133	199_17022021_S44	0	0	0.956989247311828	0.5266272189349113	0.24390243902439024	14.285714285714286	93
134	19_25052020_S1	0	1	0.8936170212765957	0.4970414201183432	0.4146341463414634	9.4	94
135	200k_24032022_S45	2	1	0.9625	0.4556213017751479	0.34146341463414637	9.5	80
136	201_16032021_S13	0	0	0.9558823529411765	0.38461538461538464	0.2926829268292683	1.6666666666666667	68
137	201_20022021_S12	0	0	0.9636363636363636	0.6272189349112426	0.12195121951219512	24.333333333333332	110
138	201_25022021_S14	0	2	0.7870967741935484	0.7218934911242604	0.2926829268292683	33.2	155
139	206_22022021_S1	0	0	0.8666666666666667	0.23076923076923078	0.3170731707317073	7.333333333333333	45
140	206_28022021_S4	0	0	0.9051724137931034	0.621301775147929	0.2926829268292683	5.25	116
141	207_20022021_S15	0	0	0.8888888888888888	0.23668639053254437	0.04878048780487805	7.0	45
142	214_08032021_S18	0	2	0.0	0.0	0.0	1.0	2
143	21K_01102021_S47	1	0	0.8823529411764706	0.08875739644970414	0.14634146341463414	1.0	17
144	220_03032021_S50	0	0	0.9587628865979382	0.5502958579881657	0.1951219512195122	4.333333333333333	97
145	222_13032021_S17	0	0	0.8666666666666667	0.07692307692307693	0.14634146341463414	3.3333333333333335	15
146	224_17032021_S4	0	0	0.9558823529411765	0.38461538461538464	0.0975609756097561	5.5	68
147	227_09032021_S9	0	0	0.957983193277311	0.6745562130177515	0.24390243902439024	31.6	119
148	227_14032021_S10	0	0	0.8979591836734694	0.5207100591715976	0.0975609756097561	22.2	98
149	228_10032021_S23	1	0	0.7914438502673797	0.8757396449704142	0.4146341463414634	12.125	187
150	22_04062020_S19	1	0	0.9223300970873787	0.5621301775147929	0.2926829268292683	4.5	103
151	231_18032021_S20	1	2	0.9157894736842105	0.514792899408284	0.36585365853658536	18.8	95
152	234_25032021_S21	0	1	0.9	0.7455621301775148	0.2926829268292683	5.714285714285714	140
153	235_25032021_S39	0	1	0.9444444444444444	0.7041420118343196	0.4146341463414634	13.75	126
154	235_29032021_S40	0	0	0.9464285714285714	0.6272189349112426	0.36585365853658536	33.4	112
155	238_23032021_S22	0	0	0.9662921348314607	0.5088757396449705	0.4146341463414634	7.0	89
156	241_24032021_S47	0	0	0.9583333333333334	0.5443786982248521	0.4146341463414634	16.25	96
157	242_27032021_S45	0	0	0.7797619047619048	0.7751479289940828	0.12195121951219512	8.5	168
158	249_25032021_S6	1	0	0.9259259259259259	0.14792899408284024	0.14634146341463414	4.0	27
159	250_01042021_S35	0	0	0.8450704225352113	0.7100591715976331	0.0	10.666666666666666	142
160	250_02032021_S32	0	1	0.7837837837837838	0.6863905325443787	0.0	2.0	148
161	250_25032021_S36	0	0	0.9166666666666666	0.1952662721893491	0.0	1.0	36
162	252_01042021_S14	1	0	0.9361702127659575	0.2603550295857988	0.4878048780487805	13.0	47
163	253_01042021_S8	2	2	0.8662420382165605	0.8047337278106509	0.8536585365853658	11.416666666666666	157
164	253_08042021_S7	0	3	0.9	0.6923076923076923	0.6585365853658537	5.333333333333333	130
165	255_04042021_S5	0	0	0.958904109589041	0.41420118343195267	0.4146341463414634	15.5	73
166	25K_04102021_S6	1	0	0.94	0.2781065088757396	0.34146341463414637	2.0	50
167	261_14042021_S1	0	3	0.9519230769230769	0.5857988165680473	0.14634146341463414	26.166666666666668	104
168	262_02042021_S23	0	1	0.9090909090909091	0.5325443786982249	0.4878048780487805	5.818181818181818	99
169	262_06042021_S26	0	0	0.9174311926605505	0.591715976331361	0.0	21.25	109
170	265_12042021_S3	0	0	0.8130081300813008	0.591715976331361	0.0	84.0	123
171	265_17042021_S6	0	1	0.8888888888888888	0.6153846153846154	0.0	25.666666666666668	117
172	268_15042021_S27	0	3	0.7790697674418605	0.7928994082840237	0.4146341463414634	11.833333333333334	172
173	269_01052021_S8	0	0	0.9646017699115044	0.6449704142011834	0.3170731707317073	10.777777777777779	113
174	269_10052021_S10	0	1	0.8195488721804511	0.6449704142011834	0.3902439024390244	14.375	133
175	269_13042021_S11	1	1	0.968421052631579	0.5443786982248521	0.2682926829268293	5.0	95
176	26_08062020_S34	0	0	0.8228571428571428	0.8520710059171598	0.04878048780487805	18.11111111111111	175
177	271_14042021_S15	0	1	0.9104477611940298	0.7218934911242604	0.17073170731707318	12.428571428571429	134
178	271_26042021_S19	0	2	0.5909090909090909	0.8461538461538461	0.0	14.0	242
179	275_22042021_S9	0	0	0.9574468085106383	0.5325443786982249	0.5365853658536586	29.5	94
180	283_25042021_S35	0	0	0.9529411764705882	0.47928994082840237	0.14634146341463414	13.2	85
181	286_03052021_S21	1	0	0.9696969696969697	0.5680473372781065	0.7804878048780488	17.5	99
182	286_11052021_S24	0	0	0.9514563106796117	0.5798816568047337	0.43902439024390244	8.714285714285714	103
183	287_02052021_S25	0	2	0.851063829787234	0.7100591715976331	0.2682926829268293	8.666666666666666	141
184	287_11052021_S27	0	0	0.8027210884353742	0.6982248520710059	0.4146341463414634	15.428571428571429	147
185	287_17052021_S30	0	0	0.7345971563981043	0.9171597633136095	0.21951219512195122	41.0	211
186	289_01052021_S10	0	2	0.7588235294117647	0.7633136094674556	0.7560975609756098	16.9	170
187	292_16052021_S43	0	1	0.624	0.9230769230769231	0.24390243902439024	30.166666666666668	250
188	296_10052021_S37	0	0	0.6305418719211823	0.757396449704142	0.24390243902439024	22.25	203
189	296_16052021_S40	0	0	0.916030534351145	0.7100591715976331	0.2926829268292683	15.4	131
190	297_13052021_S43	0	0	0.9456521739130435	0.514792899408284	0.1951219512195122	31.6	92
191	297_18052021_S44	0	0	0.9473684210526315	0.5325443786982249	0.1951219512195122	45.8	95
192	298_13052021_S36	2	1	0.9	0.7988165680473372	0.6585365853658537	13.181818181818182	150
193	298_17052021_S39	2	1	0.7116279069767442	0.9053254437869822	0.5609756097560976	8.8	215
194	29K_02102021_S48	1	0	0.8888888888888888	0.7100591715976331	0.34146341463414637	10.0	135
195	2_12052020_S10	1	0	0.9736842105263158	0.4378698224852071	0.3902439024390244	2.6	76
196	2_20052020_S12	1	0	0.9661016949152542	0.33727810650887574	0.34146341463414637	2.0	59
197	2_26052020_S11	1	0	0.9714285714285714	0.40236686390532544	0.3902439024390244	3.6666666666666665	70
198	300_13052021_S45	0	1	0.7758620689655172	0.7988165680473372	0.4878048780487805	11.125	174
199	300_17052021_S47	0	0	0.7643979057591623	0.863905325443787	0.24390243902439024	14.666666666666666	191
200	300_26052021_S50	1	0	0.9090909090909091	0.591715976331361	0.4878048780487805	6.0	110
201	302_17052021_S41	0	0	0.8817204301075269	0.48520710059171596	0.0	10.666666666666666	93
202	309_02062021_S45	1	2	0.7717391304347826	0.8402366863905325	0.0975609756097561	39.833333333333336	184
203	309_06062021_S47	0	0	0.5	0.01775147928994083	0.0	4.0	6
204	30K_28092021_S7	1	0	0.8983050847457628	0.6272189349112426	0.3902439024390244	6.1	118
205	31K_25092021_S8	1	0	0.9473684210526315	0.21301775147928995	0.4878048780487805	2.25	38
206	31K_26092021_S18	1	1	0.9440559440559441	0.7988165680473372	0.6829268292682927	8.533333333333333	143
207	31_19062020_S7	0	3	0.9224806201550387	0.7041420118343196	0.2926829268292683	18.0	129
208	31_29062020_S37	0	3	0.8588957055214724	0.8284023668639053	0.3902439024390244	25.875	163
209	33k_03102021_S42	0	0	0.9727272727272728	0.6331360946745562	0.4146341463414634	6.428571428571429	110
210	34_26062020_S14	0	2	0.9157894736842105	0.514792899408284	0.6585365853658537	12.166666666666666	95
211	36_17072020_S2	0	0	0.5470383275261324	0.9289940828402367	0.0	98.2	287
212	36_28072020_S5	0	0	0.8279569892473119	0.4556213017751479	0.0	73.0	93
213	37_07072020_S7	0	0	0.9516129032258065	0.34911242603550297	0.24390243902439024	10.75	62
214	37_24062020_S6	0	0	0.0	0.0	0.04878048780487805	1.0	2
215	39_12072020_S12	0	3	0.9454545454545454	0.6153846153846154	0.0975609756097561	4.5	110
216	39_29062020_S8	0	2	0.9391304347826087	0.6390532544378699	0.0975609756097561	4.333333333333333	115
217	3_13052020_S29	0	1	0.9545454545454546	0.621301775147929	0.24390243902439024	20.833333333333332	110
218	40_27062020_S13	1	1	0.6607142857142857	0.8757396449704142	0.0	28.6	224
219	41_27062020_S15	0	0	0.9122807017543859	0.3076923076923077	0.0	17.333333333333332	57
220	42_20072020_S17	0	2	0.9433962264150944	0.2958579881656805	0.36585365853658536	15.0	53
221	42_29072020_S19	0	1	0.8111888111888111	0.6863905325443787	0.36585365853658536	15.2	143
222	43_19072020_S20	0	0	0.8823529411764706	0.08875739644970414	0.34146341463414637	1.0	17
223	43_28072020_S21	0	0	0.972972972972973	0.4260355029585799	0.4878048780487805	2.0	74
224	46K_22102021_S15	1	0	0.9565217391304348	0.3905325443786982	0.2682926829268293	10.0	69
225	46K_25102021_S17	0	0	0.0	0.0	0.12195121951219512	1.0	2
226	47_19072020_S22	0	1	0.9038461538461539	0.5562130177514792	0.2926829268292683	3.5	104
227	48_17072020_S25	0	0	0.9491525423728814	0.33136094674556216	0.6829268292682927	3.8	59
228	48_29072020_S29	0	0	0.9504950495049505	0.5680473372781065	0.4634146341463415	5.125	101
229	49_20072020_S30	1	0	0.8571428571428571	0.07100591715976332	0.3170731707317073	2.5	14
230	49_30072020_S34	2	0	0.9130434782608695	0.1242603550295858	0.5121951219512195	1.0	23
231	4K_03092021_S19	2	0	0.9494949494949495	0.5562130177514792	0.6585365853658537	21.75	99
232	4K_05092021_S12	2	0	0.9122807017543859	0.6153846153846154	0.6585365853658537	15.375	114
233	4_09052020_S30	0	1	0.972972972972973	0.6390532544378699	0.3170731707317073	9.5	111
234	4_20052020_S17	0	0	0.941747572815534	0.5739644970414202	0.24390243902439024	9.4	103
235	4_31052020_S18	0	0	0.9516129032258065	0.34911242603550297	0.24390243902439024	7.0	62
236	50K_29092021_S13	1	0	0.956989247311828	0.5266272189349113	0.24390243902439024	12.8	93
237	51K_09102021_S14	0	0	0.9285714285714286	0.15384615384615385	0.4634146341463415	1.6666666666666667	28
238	51_16082020_S39	0	0	0.9504950495049505	0.5680473372781065	0.4634146341463415	22.142857142857142	101
239	51_25072020_S35	1	0	0.9682539682539683	0.3609467455621302	0.2926829268292683	2.75	63
240	52_01082020_S41	2	0	0.96	0.4260355029585799	0.5121951219512195	4.166666666666667	75
241	52_27072020_S40	2	0	0.6666666666666666	0.023668639053254437	0.34146341463414637	1.0	6
242	52k_28112021_S9	1	0	0.9444444444444444	0.30177514792899407	0.2926829268292683	2.0	54
243	52k_29112021_S10	1	0	0.9705882352941176	0.3905325443786982	0.2926829268292683	2.6666666666666665	68
244	53_16082020_S46	0	0	0.6206896551724138	0.8520710059171598	0.0	48.666666666666664	232
245	53_26072020_S42	0	0	0.825	0.3905325443786982	0.0	7.0	80
246	53k_27112021_S8	0	1	0.9690721649484536	0.5562130177514792	0.0975609756097561	11.833333333333334	97
247	53k_30112021_S9	0	1	0.9545454545454546	0.4970414201183432	0.0975609756097561	16.8	88
248	54_06082020_S50	0	0	0.95	0.22485207100591717	0.07317073170731707	1.0	40
249	54_28072020_S47	0	1	0.9166666666666666	0.1301775147928994	0.3170731707317073	6.5	24
250	55k_02112021_S11	0	0	0.7044025157232704	0.6627218934911243	0.0	5.833333333333333	159
251	56_03082020_S3	0	2	0.8854166666666666	0.5029585798816568	0.0975609756097561	17.25	96
252	56_09082020_S6	0	2	0.9108910891089109	0.5443786982248521	0.24390243902439024	33.42857142857143	101
253	56_29072020_S1	0	1	0.9629629629629629	0.46153846153846156	0.0975609756097561	6.6	81
254	57k_02122021_S15	0	0	0.8910891089108911	0.5325443786982249	0.07317073170731707	34.0	101
255	5_02062020_S23	0	0	0.7515923566878981	0.6982248520710059	0.0	29.25	157
256	5_10052020_S1	0	1	0.9651162790697675	0.4911242603550296	0.5365853658536586	5.666666666666667	86
257	5_22052020_S20	0	0	0.9	0.4260355029585799	0.0	20.0	80
258	60_13082020_S7	0	0	0.96875	0.5502958579881657	0.4878048780487805	28.444444444444443	96
259	61_11082020_S10	0	1	0.9615384615384616	0.4437869822485207	0.34146341463414637	8.285714285714286	78
260	61_18082020_S12	0	0	0.9550561797752809	0.5029585798816568	0.4878048780487805	2.6	89
261	61_25082020_S15	0	0	0.9693877551020408	0.5621301775147929	0.6341463414634146	5.555555555555555	98
262	63_13082020_S16	1	0	0.9603960396039604	0.5739644970414202	0.43902439024390244	9.125	101
263	63_19082020_S18	0	1	0.9193548387096774	0.6745562130177515	0.34146341463414637	17.333333333333332	124
264	63_26082020_S21	1	0	0.9545454545454546	0.7455621301775148	0.4634146341463415	15.916666666666666	132
265	64_09092020_S22	0	1	0.9595959595959596	0.5621301775147929	0.4146341463414634	9.11111111111111	99
266	64_13092020_S25	0	1	0.9649122807017544	0.650887573964497	0.12195121951219512	17.0	114
267	6_14052020_S2	1	0	0.8703703703703703	0.5562130177514792	0.0	20.8	108
268	6_23052020_S35	1	0	0.7272727272727273	0.7100591715976331	0.0	2.7777777777777777	165
269	6_29052020_S4	1	0	0.7636363636363637	0.7455621301775148	0.0	9.384615384615385	165
270	70K_19102021_S18	1	0	0.948051948051948	0.4319526627218935	0.6585365853658537	4.833333333333333	77
271	70K_20102021_S19	1	0	0.9620253164556962	0.44970414201183434	0.7804878048780488	6.5	79
272	70K_21102021_S20	1	0	0.9473684210526315	0.31952662721893493	0.7804878048780488	3.75	57
273	74K_20102021_S2	0	0	0.9252336448598131	0.5857988165680473	0.5853658536585366	7.333333333333333	107
274	75K_21102021_S21	1	0	0.975	0.46153846153846156	0.2926829268292683	10.0	80
275	75K_22102021_S22	1	0	0.9726027397260274	0.42011834319526625	0.24390243902439024	11.0	73
276	75K_23102021_S23	1	0	0.9722222222222222	0.41420118343195267	0.24390243902439024	6.0	72
277	76_04112020_S26	1	0	0.9514563106796117	0.5798816568047337	0.6829268292682927	5.875	103
278	76_11112020_S28	0	0	0.9680851063829787	0.5384615384615384	0.6341463414634146	3.857142857142857	94
279	77K_22102021_S24	2	0	0.9047619047619048	0.5621301775147929	0.6341463414634146	8.0	105
280	77K_23102021_S25	2	0	0.9420289855072463	0.38461538461538464	0.34146341463414637	3.25	69
281	78K_23102021_S27	1	0	0.9191919191919192	0.5384615384615384	0.2926829268292683	37.75	99
282	78K_24102021_S28	1	0	0.9578947368421052	0.5384615384615384	0.14634146341463414	24.666666666666668	95
283	78K_25102021_S29	1	0	0.8985507246376812	0.3668639053254438	0.2682926829268293	15.333333333333334	69
284	78_06112020_S30	2	0	0.9642857142857143	0.31952662721893493	0.5365853658536586	4.0	56
285	78_11112020_S33	2	0	0.8253968253968254	0.6153846153846154	0.04878048780487805	26.666666666666668	126
286	79K_24102021_S32	0	0	0.9342105263157895	0.42011834319526625	0.24390243902439024	25.5	76
287	7_18052020_S38	0	0	0.9191919191919192	0.5384615384615384	0.0	13.4	99
288	82K_01112021_S4	0	0	0.8823529411764706	0.26627218934911245	0.34146341463414637	4.0	51
289	82_10112020_S41	0	0	0.9550561797752809	0.5029585798816568	0.36585365853658536	18.833333333333332	89
290	82_16112020_S44	0	0	0.9541984732824428	0.7396449704142012	0.4146341463414634	33.9	131
291	84K_02112021_S33	0	0	0.0	0.0	0.0	1.0	2
292	85k_11122021_S17	0	1	0.9560439560439561	0.514792899408284	0.5365853658536586	8.8	91
293	86K_04112021_S38	1	0	0.9310344827586207	0.31952662721893493	0.2682926829268293	14.333333333333334	58
294	88K_10112021_S5	0	0	0.0	0.0	0.0	1.0	2
295	88_16112020_S2	0	0	0.9365079365079365	0.34911242603550297	0.6585365853658537	12.0	63
296	89K_09112021_S41	0	0	0.0	0.0	0.0	1.0	2
297	90K_14112021_S3	0	1	0.9390243902439024	0.4556213017751479	0.04878048780487805	33.666666666666664	82
298	91_03122020_S3	0	0	0.6666666666666666	0.023668639053254437	0.0	1.0	6
299	91_06122020_S4	0	1	0.7453416149068323	0.7100591715976331	0.0	22.75	161
300	91_08122020_S5	0	1	0.6324786324786325	0.8757396449704142	0.0	28.5	234
301	92K_11112021_S4	0	0	0.967741935483871	0.7100591715976331	0.0975609756097561	14.833333333333334	124
302	92K_13112021_S5	0	0	0.948051948051948	0.4319526627218935	0.04878048780487805	12.0	77
303	92_15112020_S1	0	0	0.9605263157894737	0.4319526627218935	0.0975609756097561	3.75	76
304	94_27112020_S35	0	0	0.7142857142857143	0.029585798816568046	0.0	1.0	7
305	97K_14112021_S8	0	1	0.6	0.01775147928994083	0.0	5.0	5
306	98k_01122021_S19	1	1	0.816	0.6035502958579881	0.1951219512195122	4.888888888888889	125
307	99k_01122021_S21	1	0	0.8918918918918919	0.1952662721893491	0.2926829268292683	3.5	37
308	K12_11102021_S11	1	0	0.9701492537313433	0.38461538461538464	0.6341463414634146	7.0	67
309	K12_12102021_S14	1	0	0.0	0.0	0.3902439024390244	1.0	2
310	K12_14102021_S3	1	0	0.9552238805970149	0.378698224852071	0.4878048780487805	5.625	67
311	K13_05102021_S33	1	0	0.9433962264150944	0.2958579881656805	0.4634146341463415	2.5	53
312	K19_01102021_S23	2	0	0.7142857142857143	0.029585798816568046	0.0975609756097561	1.0	7
313	K22_10102021_S29	1	0	0.9320388349514563	0.5680473372781065	0.4634146341463415	5.0	103
314	K23_10102021_S22	1	0	0.9696969696969697	0.378698224852071	0.5853658536585366	3.0	66
315	K24_09102021_S28	1	0	0.9402985074626866	0.3727810650887574	0.4634146341463415	2.4	67
316	K26_01102021_S5	0	0	0.9701492537313433	0.38461538461538464	0.6585365853658537	1.8	67
317	K26_03102021_S48	1	0	0.9714285714285714	0.40236686390532544	0.4878048780487805	1.6	70
318	K26_29092021_S47	1	0	0.9506172839506173	0.4556213017751479	0.6585365853658537	2.0	81
319	K29_03102021_S31	1	0	0.972972972972973	0.4260355029585799	0.34146341463414637	7.833333333333333	74
320	K29_04102021_S9	1	0	0.9295774647887324	0.3905325443786982	0.4634146341463415	7.0	71
321	K30_06102021_S32	1	0	0.9272727272727272	0.6035502958579881	0.34146341463414637	8.25	110
322	K30_27092021_S50	1	0	0.9347826086956522	0.5088757396449705	0.3902439024390244	6.857142857142857	92
323	K32_04092021_S30	2	0	0.9696969696969697	0.378698224852071	0.1951219512195122	1.5	66
324	K32_20092021_S27	2	0	0.9491525423728814	0.33136094674556216	0.14634146341463414	1.0	59
325	K32_23092021_S12	2	0	0.9512195121951219	0.23076923076923078	0.0975609756097561	1.0	41
326	K33_05102021_S49	0	0	0.9594594594594594	0.42011834319526625	0.4634146341463415	7.571428571428571	74
327	K34_25092021_S45	0	0	0.9625	0.4556213017751479	0.8292682926829268	3.8333333333333335	80
328	K34_26092021_S35	1	0	0.9175257731958762	0.5266272189349113	0.6097560975609756	5.555555555555555	97
329	K42_26092021_S6	0	1	0.9390243902439024	0.4556213017751479	0.17073170731707318	13.0	82
330	K42_28092021_S17	0	1	0.9113924050632911	0.4260355029585799	0.17073170731707318	3.5	79
331	K48_30092021_S42	0	0	0.9565217391304348	0.5207100591715976	0.7804878048780488	11.714285714285714	92
332	K49_01102021_S7	0	0	0.9047619047619048	0.11242603550295859	0.3170731707317073	1.0	21
333	K49_29092021_S13	0	0	0.8666666666666667	0.07692307692307693	0.1951219512195122	1.0	15
334	K50_28092021_S41	1	0	0.9605263157894737	0.4319526627218935	0.24390243902439024	3.0	76
335	K6_17092021_S39	1	0	0.9545454545454546	0.3727810650887574	0.5365853658536586	5.5	66
